# Riavvio, attendi...
276    -17
278    -18
279    -19
289    -29
284    -24
274    -14
311    -50
256    2
251    6
243    15
251    8
264    -3
292    -27
278    -18
276    -16
275    -13
303    -42
271    -11
291    -30
278    -17
271    -11
284    -24
256    3
278    -17
284    -24
262    -1
265    -5
294    -32
256    3
275    -14
284    -24
265    -5
294    -33
262    -2
291    -29
284    -23
271    -13
302    -39
263    -2
271    -3
268    -7
279    -18
284    -23
287    -26
276    -15
287    -26
280    -20
289    -29
284    -24
249    10
289    -29
283    -23
298    -37
280    -19
296    -35
275    -14
298    -35
267    -8
299    -31
262    -1
282    6
281    9
282    7
280    5
284    8
270    16
273    16
268    19
290    1
326    -32
270    19
297    -5
320    -29
308    -19
316    -24
281    10
311    -18
308    -16
292    -1
310    -18
300    -9
299    -5
323    -29
308    -21
326    -35
296    3
302    -10
306    -13
328    -35
279    11
345    11
362    -5
371    -14
381    -25
340    16
348    6
342    11
359    -5
374    -17
371    -13
376    -21
377    -21
378    -21
376    -21
378    -21
378    -23
366    -9
356    -1
358    -1
355    0
368    -11
366    -9
372    -15
365    -8
354    3
359    -1
364    -6
365    -9
369    -13
380    -26
372    39
397    17
384    30
380    35
403    11
401    13
398    16
393    19
394    19
395    19
395    19
395    22
387    28
386    27
395    19
392    23
380    35
399    16
392    23
375    37
394    21
390    25
386    29
382    32
380    35
406    11
400    14
399    16
380    35
406    8
432    34
427    40
417    50
428    38
428    40
418    49
427    42
427    40
417    51
428    39
420    48
426    42
429    39
421    43
428    35
433    35
430    37
426    43
429    38
430    37
425    43
433    35
432    35
433    35
433    34
426    42
435    34
426    42
434    34
428    40
460    67
461    67
460    67
462    66
462    66
460    67
462    65
459    70
460    67
462    66
462    65
460    68
458    70
457    70
460    69
458    70
460    69
457    71
455    74
457    71
458    70
456    73
459    70
459    69
457    72
456    74
459    68
462    67
463    66
462    67
483    110
481    113
481    112
482    111
481    113
481    112
481    112
479    114
480    113
480    115
482    112
479    115
481    111
482    113
481    112
483    111
480    114
483    111
481    113
482    111
481    113
483    112
483    111
481    112
480    115
482    112
481    113
482    113
481    113
482    111
482    172
482    171
483    172
480    175
482    173
480    174
478    176
481    174
479    175
478    176
480    176
479    177
479    177
480    176
480    176
481    174
479    176
478    177
479    177
480    177
479    176
480    176
479    177
479    176
480    176
481    175
481    175
478    176
478    179
480    176
499    221
497    223
498    221
496    223
496    224
496    224
495    224
496    224
495    224
495    224
494    225
498    222
498    220
497    224
497    223
498    224
498    222
497    223
498    223
497    222
497    224
498    222
497    222
496    223
497    225
497    224
499    223
496    224
496    224
495    224
507    266
506    267
507    267
507    266
505    267
505    268
507    267
507    266
507    268
507    268
506    268
506    267
506    267
507    267
508    267
507    266
507    267
509    267
507    266
508    266
508    268
508    267
509    267
508    267
508    266
506    268
509    268
508    266
507    268
509    268
520    314
520    316
521    314
521    313
521    316
522    314
520    315
521    315
523    314
520    315
521    315
520    314
522    315
522    314
520    316
522    314
520    316
522    314
523    313
520    316
522    315
523    313
521    315
522    314
520    315
522    315
525    314
520    316
522    315
517    313
522    381
521    383
521    383
522    382
522    382
522    383
522    383
523    383
522    384
522    383
520    384
522    383
523    382
522    384
522    383
521    384
523    385
522    385
522    383
521    384
522    386
522    384
522    384
520    385
522    385
523    384
522    385
522    385
520    385
522    385
529    421
531    421
531    420
530    420
531    419
530    422
531    421
529    421
530    421
530    421
531    421
531    421
531    421
531    421
532    421
533    420
531    420
531    420
531    421
531    421
531    421
532    421
532    421
532    421
532    421
531    422
535    421
531    421
532    421
532    422
539    485
541    486
546    487
541    487
541    488
541    486
542    486
541    487
541    487
541    487
541    487
541    488
541    487
540    487
541    488
541    487
541    488
542    488
541    487
541    488
542    488
546    489
541    488
541    488
542    488
542    487
541    488
543    486
541    488
542    488
547    546
546    547
547    546
546    546
547    548
547    547
546    548
547    547
547    547
546    546
547    547
548    547
547    548
546    548
548    546
543    546
547    550
548    548
547    547
547    549
548    546
548    547
547    547
548    548
548    547
547    548
548    548
548    547
548    547
548    547
553    594
553    596
553    595
553    596
554    595
554    596
554    596
554    596
554    595
554    596
554    597
554    595
553    597
554    596
554    595
554    597
554    596
554    596
554    596
554    596
554    597
554    596
555    596
555    596
554    596
555    596
555    597
556    596
555    596
555    596
553    659
553    659
553    660
553    659
553    661
555    660
554    660
554    659
554    660
555    660
554    660
554    660
553    659
553    660
554    659
553    660
555    659
553    661
555    660
554    659
554    661
554    660
556    659
554    660
554    659
554    661
554    662
555    660
555    660
556    660
559    717
560    716
560    715
559    717
561    717
561    717
560    717
560    717
561    716
560    718
559    718
561    717
561    718
561    718
561    718
561    718
560    718
560    719
560    718
560    718
561    718
561    717
561    718
561    718
561    718
559    717
564    719
561    718
562    717
562    718
563    767
563    768
564    767
564    769
564    767
564    767
563    768
564    768
563    768
563    768
563    769
563    768
565    768
563    769
564    769
564    768
564    769
564    769
564    768
565    769
565    768
564    770
564    769
565    768
563    770
564    769
564    768
565    769
565    769
564    768
570    833
571    834
570    835
570    833
571    834
570    833
571    834
570    834
570    833
571    835
570    834
571    835
571    834
570    835
571    834
572    834
571    835
571    835
571    834
571    835
572    834
571    835
571    836
571    835
571    835
571    836
571    835
571    835
571    836
571    835
570    896
571    897
571    896
571    896
571    897
571    897
571    897
571    897
571    898
572    896
571    898
572    898
571    897
571    897
571    898
571    898
572    897
572    898
572    898
571    897
572    898
572    899
571    898
572    898
571    899
571    900
571    898
571    898
572    898
571    899
574    941
574    941
575    940
575    941
574    941
575    943
575    941
575    941
575    941
575    941
576    943
576    940
576    943
576    940
576    941
576    943
576    942
577    941
576    941
575    943
576    940
576    943
576    941
577    943
576    943
577    941
576    943
576    943
577    941
576    943
578    1005
579    1005
579    1004
579    1005
579    1006
579    1005
580    1007
580    1005
579    1005
580    1005
580    1005
579    1005
579    1006
580    1006
580    1006
579    1008
580    1006
580    1006
580    1006
580    1007
579    1008
580    1006
580    1006
580    1006
580    1007
581    1006
580    1006
581    1007
580    1006
580    1006
582    1060
583    1060
582    1060
582    1061
583    1061
583    1060
583    1061
583    1061
584    1061
583    1062
582    1062
582    1061
583    1062
583    1062
583    1061
584    1061
584    1061
583    1061
583    1062
584    1062
584    1062
584    1062
584    1061
584    1062
584    1064
584    1062
583    1062
583    1062
584    1062
584    1064
588    1112
587    1114
587    1113
587    1114
587    1114
587    1114
587    1113
588    1114
587    1114
587    1115
587    1115
588    1114
588    1115
588    1114
587    1114
588    1115
588    1114
588    1114
587    1116
588    1115
588    1115
587    1115
588    1115
587    1116
587    1116
588    1116
588    1116
588    1116
589    1116
588    1116
587    1185
588    1185
587    1184
588    1184
587    1186
588    1184
589    1185
588    1185
589    1186
589    1186
589    1186
589    1186
589    1186
589    1187
589    1186
589    1187
589    1185
588    1187
588    1188
588    1187
588    1187
589    1187
589    1187
589    1187
589    1188
589    1187
589    1187
589    1188
589    1188
589    1187
592    1234
592    1234
592    1234
591    1234
592    1234
592    1234
592    1234
592    1235
592    1235
592    1234
592    1235
593    1237
592    1235
592    1234
592    1236
592    1236
592    1236
592    1236
593    1236
593    1236
592    1235
592    1237
593    1236
592    1236
592    1236
593    1237
593    1237
592    1236
592    1237
593    1237
594    1299
594    1301
595    1301
595    1299
595    1300
595    1301
595    1301
595    1301
594    1301
595    1302
594    1301
594    1302
595    1302
595    1300
594    1302
595    1302
595    1301
595    1301
595    1303
594    1301
595    1302
596    1301
595    1302
596    1302
595    1302
595    1302
596    1303
594    1303
595    1302
596    1303
598    1366
597    1367
599    1366
598    1367
599    1367
598    1368
599    1367
599    1371
600    1367
599    1367
599    1368
598    1368
599    1368
599    1371
600    1368
599    1368
600    1371
599    1371
600    1371
600    1371
599    1371
599    1371
599    1371
603    1371
602    1372
600    1371
601    1371
600    1371
600    1371
600    1371
598    1419
602    1414
599    1419
598    1419
599    1419
599    1419
599    1419
600    1419
599    1419
599    1419
599    1420
599    1420
599    1420
600    1420
600    1420
599    1420
599    1421
600    1420
600    1420
599    1422
600    1420
603    1419
599    1422
600    1421
600    1422
600    1421
600    1421
600    1422
600    1422
600    1422
601    1478
601    1479
601    1479
602    1479
602    1480
602    1480
602    1480
602    1483
602    1480
602    1480
602    1483
602    1483
602    1480
602    1483
602    1483
602    1483
602    1482
602    1483
602    1483
603    1483
604    1483
603    1483
603    1483
603    1483
604    1483
603    1484
603    1483
604    1483
604    1483
604    1483
604    1541
607    1541
606    1542
605    1542
605    1541
605    1541
606    1542
605    1542
605    1542
606    1543
604    1542
606    1543
606    1542
606    1543
605    1544
606    1543
605    1544
605    1544
605    1544
606    1543
605    1543
610    1545
606    1543
606    1544
605    1544
606    1544
607    1544
605    1544
606    1545
606    1544
607    1597
607    1597
607    1598
608    1599
608    1599
610    1599
609    1599
607    1599
608    1599
608    1598
608    1600
608    1599
608    1599
609    1599
608    1599
609    1600
608    1600
608    1600
609    1600
608    1600
609    1601
609    1601
608    1600
610    1600
609    1601
612    1604
608    1601
609    1601
610    1601
608    1601
607    1662
607    1661
608    1661
609    1661
608    1662
609    1662
608    1662
609    1661
609    1663
607    1663
609    1662
609    1663
609    1663
609    1663
609    1664
609    1663
609    1663
609    1664
608    1663
609    1663
609    1664
609    1664
609    1664
609    1664
609    1663
609    1665
608    1665
609    1664
609    1665
609    1664
609    1710
610    1711
609    1711
610    1712
609    1711
610    1713
610    1712
610    1711
611    1712
611    1712
611    1711
610    1713
610    1713
611    1712
611    1713
610    1713
610    1712
611    1713
611    1716
610    1713
610    1716
611    1716
612    1713
611    1713
612    1716
611    1713
611    1716
611    1713
610    1716
612    1716
612    1774
612    1774
613    1774
612    1775
612    1776
612    1775
612    1776
612    1776
612    1776
612    1776
613    1777
613    1777
612    1776
613    1777
612    1777
613    1777
613    1776
613    1778
613    1778
612    1778
612    1778
608    1779
614    1778
613    1777
613    1781
614    1779
614    1779
614    1779
614    1778
613    1779
615    1833
615    1834
615    1837
615    1837
615    1837
616    1837
615    1835
616    1837
617    1837
616    1837
616    1837
615    1837
615    1837
616    1837
616    1838
616    1837
616    1837
616    1837
617    1838
617    1838
617    1838
617    1839
616    1839
617    1838
617    1838
616    1840
617    1839
617    1839
617    1838
617    1840
614    1896
614    1896
615    1898
615    1897
615    1897
615    1899
615    1898
616    1898
615    1899
616    1899
615    1899
616    1901
615    1899
616    1899
616    1901
616    1901
616    1901
617    1899
617    1901
616    1902
616    1901
617    1901
617    1901
616    1901
617    1902
616    1901
617    1901
617    1901
617    1901
618    1902
617    1960
618    1961
618    1962
618    1962
618    1963
618    1962
617    1962
619    1963
618    1963
619    1963
619    1965
618    1963
619    1965
618    1965
619    1965
619    1963
619    1965
619    1965
619    1965
618    1965
619    1965
619    1965
619    1965
619    1965
619    1965
619    1966
618    1965
618    1965
619    1965
619    1966
619    2022
618    2022
620    2019
619    2022
619    2022
620    2022
620    2022
620    2022
620    2022
620    2022
621    2023
621    2023
621    2024
620    2023
620    2024
620    2024
620    2024
620    2025
621    2024
621    2025
622    2025
620    2025
621    2024
621    2024
621    2024
621    2026
622    2025
622    2026
622    2027
620    2026
622    2068
622    2068
622    2070
622    2070
622    2070
621    2070
622    2070
622    2070
623    2070
623    2071
622    2071
623    2072
623    2072
623    2072
623    2072
623    2072
623    2072
623    2072
623    2073
623    2071
623    2073
623    2073
624    2073
623    2073
624    2073
624    2073
624    2073
624    2074
624    2074
624    2074
622    2143
622    2144
623    2143
622    2144
624    2144
623    2145
623    2146
624    2145
623    2145
624    2146
624    2144
624    2146
623    2146
624    2146
623    2147
623    2147
624    2147
623    2146
624    2146
624    2147
624    2148
623    2148
625    2146
624    2147
624    2147
625    2148
623    2148
623    2147
624    2148
624    2148
627    2201
625    2200
624    2201
625    2201
625    2202
626    2202
624    2202
626    2203
625    2202
626    2202
626    2202
625    2203
626    2203
626    2204
625    2206
625    2203
626    2206
625    2202
626    2204
625    2204
626    2204
627    2206
626    2206
626    2206
626    2206
626    2206
626    2206
626    2206
626    2207
625    2206
625    2248
626    2248
627    2248
625    2249
626    2250
626    2249
627    2249
626    2251
627    2250
626    2250
626    2251
627    2251
627    2251
627    2250
627    2250
627    2252
627    2251
626    2252
627    2251
627    2252
627    2251
627    2252
627    2252
628    2252
627    2253
627    2252
627    2253
627    2253
627    2256
627    2256
628    2317
628    2318
629    2320
628    2320
629    2317
628    2320
629    2320
629    2320
629    2321
628    2321
630    2321
629    2321
629    2321
629    2323
629    2323
629    2323
629    2323
629    2323
630    2323
630    2323
630    2323
630    2324
629    2324
630    2324
631    2324
630    2324
630    2325
630    2324
630    2324
630    2325
629    2379
629    2379
629    2379
629    2379
629    2380
629    2379
629    2379
629    2380
630    2380
630    2379
629    2380
630    2384
630    2381
630    2381
630    2384
629    2384
630    2384
630    2384
630    2384
630    2384
630    2384
630    2384
630    2384
630    2384
631    2384
630    2385
629    2385
630    2384
631    2385
631    2386
631    2437
630    2440
631    2440
631    2440
631    2440
631    2440
631    2440
631    2440
631    2440
632    2440
631    2440
631    2442
632    2440
632    2441
632    2441
632    2440
631    2442
632    2441
632    2443
632    2443
633    2443
632    2443
632    2442
632    2443
632    2444
632    2444
632    2443
632    2444
632    2445
633    2443
631    2501
632    2501
632    2503
632    2503
631    2502
632    2503
632    2503
632    2505
632    2505
632    2505
632    2505
633    2506
633    2506
633    2505
633    2506
633    2506
633    2505
633    2508
633    2506
633    2508
634    2507
634    2507
634    2507
634    2507
633    2508
633    2508
633    2508
633    2508
634    2508
634    2508
634    2557
634    2558
634    2558
634    2559
634    2561
634    2561
634    2559
634    2561
634    2561
635    2561
634    2561
634    2561
635    2562
635    2561
635    2561
635    2562
635    2562
635    2562
635    2564
634    2563
639    2564
637    2564
635    2562
635    2564
636    2564
635    2565
636    2564
635    2564
636    2564
635    2564
635    2617
636    2617
636    2618
636    2618
637    2617
636    2618
636    2620
637    2620
636    2620
636    2620
636    2618
637    2620
636    2620
637    2620
637    2621
637    2621
637    2621
637    2621
637    2622
637    2622
637    2623
637    2621
637    2622
637    2622
638    2622
638    2623
637    2623
637    2625
637    2623
637    2625
635    2681
636    2681
635    2682
636    2682
636    2683
636    2683
640    2684
637    2685
636    2684
636    2684
636    2684
637    2684
637    2684
637    2684
636    2689
636    2684
637    2685
637    2685
637    2686
638    2686
638    2686
637    2687
637    2686
637    2689
638    2687
638    2689
641    2689
637    2689
638    2687
638    2687
637    2738
637    2739
638    2738
638    2740
638    2740
638    2741
638    2740
638    2741
638    2741
638    2741
639    2741
638    2742
639    2743
638    2742
638    2743
638    2743
639    2743
639    2743
639    2745
639    2742
639    2743
639    2745
639    2745
639    2745
639    2742
639    2745
639    2747
639    2747
639    2747
640    2747
639    2797
640    2798
640    2798
640    2798
640    2798
640    2798
639    2798
640    2799
640    2799
640    2803
640    2800
640    2803
639    2800
640    2800
640    2803
640    2803
639    2804
640    2803
641    2803
640    2803
641    2803
640    2803
642    2803
641    2803
641    2803
641    2804
640    2804
641    2803
641    2803
641    2804
641    2864
641    2867
645    2868
640    2867
642    2867
642    2868
642    2868
642    2867
642    2868
643    2868
642    2870
641    2870
642    2870
641    2870
642    2870
643    2870
642    2870
642    2870
642    2870
643    2870
642    2870
642    2870
643    2870
642    2871
643    2871
643    2872
643    2871
644    2871
642    2872
642    2872
642    2920
641    2923
641    2924
642    2924
642    2924
642    2924
642    2924
643    2926
642    2926
642    2926
642    2926
642    2926
641    2926
642    2926
641    2926
642    2927
643    2926
642    2926
642    2927
643    2926
643    2927
642    2928
642    2927
643    2927
642    2928
642    2928
643    2926
642    2931
643    2927
642    2931
642    2972
643    2974
643    2974
642    2974
642    2974
643    2974
643    2974
643    2974
644    2974
643    2975
643    2974
644    2975
643    2976
643    2975
644    2979
643    2976
644    2976
643    2979
643    2979
644    2979
644    2979
644    2979
644    2979
644    2979
643    2980
645    2980
644    2980
644    2980
645    2982
645    2980
644    3047
644    3047
644    3048
645    3048
644    3048
645    3049
644    3049
645    3049
645    3049
645    3049
645    3052
645    3052
645    3053
644    3052
646    3053
645    3052
645    3053
646    3053
645    3053
645    3055
645    3055
646    3055
645    3055
644    3055
645    3055
646    3055
645    3055
646    3055
647    3056
646    3056
645    3103
645    3103
646    3103
645    3103
647    3103
646    3104
647    3103
646    3104
647    3104
647    3103
647    3105
646    3105
647    3106
646    3105
647    3108
647    3105
647    3108
647    3108
648    3108
647    3109
647    3109
647    3109
647    3109
648    3109
647    3109
648    3111
648    3111
648    3111
648    3111
647    3111
645    3167
646    3167
647    3167
647    3167
647    3167
647    3168
647    3168
647    3168
647    3169
650    3169
646    3170
647    3169
647    3169
647    3172
647    3172
647    3172
648    3172
647    3172
648    3172
647    3173
648    3173
648    3173
648    3174
648    3173
648    3175
648    3175
648    3175
647    3175
648    3175
648    3175
647    3213
647    3213
647    3215
651    3215
648    3215
648    3215
648    3215
647    3216
648    3216
648    3217
648    3216
648    3216
647    3217
648    3217
649    3217
648    3217
648    3218
648    3220
649    3220
648    3220
649    3220
648    3221
652    3221
650    3223
649    3221
650    3221
650    3220
649    3221
649    3221
650    3221
649    3283
651    3283
650    3284
650    3285
650    3285
650    3285
650    3285
651    3286
651    3288
651    3286
650    3285
651    3288
650    3288
651    3288
651    3289
651    3288
651    3288
651    3289
652    3289
651    3289
652    3291
652    3291
652    3291
651    3291
651    3291
652    3291
652    3291
651    3291
652    3292
652    3291
650    3347
651    3348
652    3348
652    3348
652    3349
651    3349
652    3350
652    3352
652    3352
653    3352
652    3352
653    3352
652    3352
652    3352
652    3353
652    3352
652    3353
653    3353
653    3353
653    3355
653    3355
653    3355
653    3355
653    3355
653    3355
653    3355
654    3355
654    3355
654    3356
653    3355
651    3403
652    3403
652    3404
652    3404
652    3405
652    3405
652    3405
652    3408
653    3408
652    3408
653    3408
653    3408
653    3408
652    3409
653    3409
653    3408
653    3409
653    3410
653    3411
653    3411
653    3411
654    3411
653    3411
653    3411
654    3411
654    3411
653    3411
654    3411
653    3412
653    3412
653    3472
653    3472
653    3472
653    3473
654    3469
653    3474
654    3473
654    3475
653    3475
653    3475
654    3475
654    3475
654    3476
655    3475
654    3476
654    3477
654    3476
654    3475
654    3477
655    3477
655    3476
655    3477
655    3477
655    3477
655    3480
654    3480
655    3480
655    3480
655    3480
655    3480
