0.2    5.58092e-06    1.01144e-06    3.43503e-07
0.201    5.60077e-06    8.79121e-07    3.24178e-07
0.202    5.59543e-06    7.98988e-07    3.1235e-07
0.203    5.57892e-06    7.74675e-07    3.08376e-07
0.204    5.55925e-06    8.06532e-07    3.09933e-07
0.205    5.53584e-06    8.85567e-07    3.12936e-07
0.206    5.50041e-06    9.94768e-07    3.14758e-07
0.207    5.44344e-06    1.11597e-06    3.14761e-07
0.208    5.36198e-06    1.23432e-06    3.13396e-07
0.209    5.2631e-06    1.33941e-06    3.11978e-07
0.21    5.16266e-06    1.42561e-06    3.11828e-07
0.211    5.08041e-06    1.49198e-06    3.12698e-07
0.212    5.03131e-06    1.5407e-06    3.12947e-07
0.213    5.01579e-06    1.57471e-06    3.11991e-07
0.214    5.01694e-06    1.59724e-06    3.1112e-07
0.215    5.0107e-06    1.61242e-06    3.11011e-07
0.216    4.9816e-06    1.62353e-06    3.10742e-07
0.217    4.931e-06    1.6303e-06    3.09949e-07
0.218    4.87467e-06    1.62998e-06    3.09498e-07
0.219    4.83434e-06    1.62065e-06    3.09264e-07
0.22    4.82583e-06    1.60267e-06    3.06769e-07
0.221    4.84698e-06    1.57811e-06    2.99646e-07
0.222    4.87607e-06    1.55104e-06    2.88845e-07
0.223    4.88709e-06    1.52739e-06    2.77704e-07
0.224    4.8669e-06    1.51104e-06    2.68995e-07
0.225    4.81766e-06    1.50141e-06    2.64471e-07
0.226    4.74902e-06    1.49581e-06    2.66153e-07
0.227    4.67159e-06    1.49295e-06    2.77054e-07
0.228    4.59564e-06    1.49447e-06    3.00103e-07
0.229    4.5335e-06    1.50456e-06    3.3415e-07
0.23    4.50146e-06    1.52648e-06    3.68577e-07
0.231    4.51318e-06    1.55487e-06    3.85658e-07
0.232    4.56488e-06    1.5739e-06    3.77023e-07
0.233    4.63461e-06    1.57075e-06    3.53314e-07
0.234    4.70128e-06    1.54641e-06    3.29796e-07
0.235    4.75635e-06    1.51052e-06    3.1286e-07
0.236    4.80057e-06    1.47432e-06    3.01961e-07
0.237    4.83817e-06    1.44899e-06    2.95097e-07
0.238    4.87297e-06    1.44528e-06    2.91071e-07
0.239    4.90524e-06    1.47014e-06    2.9002e-07
0.24    4.92949e-06    1.52177e-06    2.92982e-07
0.241    4.93582e-06    1.58889e-06    2.99499e-07
0.242    4.91544e-06    1.6568e-06    3.0618e-07
0.243    4.86554e-06    1.71365e-06    3.09743e-07
0.244    4.78999e-06    1.75231e-06    3.10477e-07
0.245    4.69737e-06    1.76919e-06    3.11609e-07
0.246    4.59889e-06    1.76353e-06    3.15579e-07
0.247    4.50608e-06    1.73818e-06    3.21194e-07
0.248    4.42715e-06    1.70054e-06    3.25189e-07
0.249    4.36409e-06    1.66121e-06    3.25795e-07
0.25    4.31438e-06    1.62987e-06    3.22647e-07
0.251    4.27712e-06    1.61252e-06    3.15079e-07
0.252    4.25694e-06    1.61237e-06    3.03468e-07
0.253    4.26175e-06    1.63173e-06    2.90776e-07
0.254    4.29617e-06    1.67148e-06    2.81185e-07
0.255    4.35457e-06    1.72954e-06    2.77504e-07
0.256    4.41844e-06    1.80205e-06    2.79616e-07
0.257    4.46035e-06    1.88666e-06    2.84775e-07
0.258    4.45253e-06    1.98281e-06    2.89822e-07
0.259    4.37526e-06    2.0875e-06    2.94019e-07
0.26    4.22194e-06    2.19105e-06    2.99671e-07
0.261    4.00054e-06    2.27735e-06    3.09033e-07
0.262    3.73209e-06    2.32893e-06    3.20399e-07
0.263    3.4467e-06    2.3332e-06    3.28569e-07
0.264    3.17797e-06    2.28748e-06    3.29691e-07
0.265    2.95584e-06    2.20114e-06    3.25148e-07
0.266    2.79932e-06    2.09411e-06    3.204e-07
0.267    2.71324e-06    1.99166e-06    3.20135e-07
0.268    2.6934e-06    1.9192e-06    3.25633e-07
0.269    2.73747e-06    1.8998e-06    3.36518e-07
0.27    2.85371e-06    1.95089e-06    3.53013e-07
0.271    3.0611e-06    2.07365e-06    3.76651e-07
0.272    3.37731e-06    2.23861e-06    4.10947e-07
0.273    3.79535e-06    2.38517e-06    4.60392e-07
0.274    4.26475e-06    2.44917e-06    5.21716e-07
0.275    4.70282e-06    2.40243e-06    5.77661e-07
0.276    5.032e-06    2.26489e-06    6.11216e-07
0.277    5.20449e-06    2.08074e-06    6.21537e-07
0.278    5.20094e-06    1.88897e-06    6.20593e-07
0.279    5.03003e-06    1.70578e-06    6.17798e-07
0.28    4.74095e-06    1.5241e-06    6.10084e-07
0.281    4.41527e-06    1.34133e-06    5.90806e-07
0.282    4.1236e-06    1.18821e-06    5.63921e-07
0.283    3.89739e-06    1.11896e-06    5.425e-07
0.284    3.74339e-06    1.17938e-06    5.38516e-07
0.285    3.67031e-06    1.38099e-06    5.56004e-07
0.286    3.69977e-06    1.69585e-06    5.86967e-07
0.287    3.85277e-06    2.06169e-06    6.13524e-07
0.288    4.11884e-06    2.39527e-06    6.21506e-07
0.289    4.44303e-06    2.62918e-06    6.12017e-07
0.29    4.75614e-06    2.74392e-06    5.93354e-07
0.291    5.01404e-06    2.75885e-06    5.68262e-07
0.292    5.2051e-06    2.703e-06    5.35955e-07
0.293    5.33465e-06    2.59892e-06    4.99284e-07
0.294    5.41003e-06    2.46237e-06    4.65467e-07
0.295    5.43434e-06    2.30738e-06    4.40431e-07
0.296    5.40762e-06    2.14963e-06    4.23255e-07
0.297    5.33177e-06    2.0064e-06    4.08302e-07
0.298    5.21522e-06    1.89474e-06    3.92048e-07
0.299    5.07362e-06    1.83013e-06    3.74838e-07
0.3    4.92552e-06    1.82456e-06    3.57366e-07
0.301    4.78559e-06    1.8813e-06    3.39352e-07
0.302    4.6596e-06    1.98976e-06    3.21797e-07
0.303    4.54366e-06    2.12774e-06    3.07366e-07
0.304    4.42813e-06    2.27039e-06    2.97578e-07
0.305    4.30366e-06    2.39871e-06    2.91559e-07
0.306    4.16632e-06    2.50341e-06    2.88319e-07
0.307    4.01914e-06    2.58505e-06    2.88318e-07
0.308    3.87058e-06    2.65185e-06    2.92096e-07
0.309    3.73169e-06    2.71601e-06    2.98856e-07
0.31    3.6137e-06    2.78836e-06    3.07443e-07
0.311    3.52637e-06    2.87147e-06    3.18247e-07
0.312    3.47609e-06    2.95448e-06    3.32755e-07
0.313    3.46402e-06    3.01483e-06    3.49963e-07
0.314    3.48605e-06    3.02913e-06    3.64723e-07
0.315    3.53575e-06    2.98619e-06    3.72286e-07
0.316    3.60848e-06    2.89331e-06    3.73035e-07
0.317    3.7031e-06    2.77503e-06    3.71116e-07
0.318    3.82059e-06    2.66775e-06    3.70125e-07
0.319    3.96068e-06    2.60947e-06    3.70834e-07
0.32    4.11843e-06    2.62292e-06    3.71153e-07
0.321    4.28281e-06    2.70263e-06    3.67685e-07
0.322    4.43881e-06    2.82079e-06    3.59324e-07
0.323    4.57182e-06    2.94599e-06    3.49605e-07
0.324    4.67124e-06    3.05638e-06    3.43591e-07
0.325    4.73172e-06    3.14153e-06    3.42565e-07
0.326    4.75223e-06    3.19868e-06    3.43681e-07
0.327    4.73402e-06    3.22876e-06    3.44309e-07
0.328    4.67841e-06    3.23394e-06    3.45179e-07
0.329    4.58461e-06    3.21621e-06    3.49332e-07
0.33    4.4489e-06    3.17613e-06    3.58025e-07
0.331    4.26631e-06    3.11149e-06    3.67932e-07
0.332    4.03572e-06    3.01715e-06    3.73406e-07
0.333    3.76603e-06    2.88835e-06    3.71112e-07
0.334    3.47737e-06    2.72771e-06    3.61741e-07
0.335    3.19506e-06    2.5513e-06    3.48859e-07
0.336    2.94207e-06    2.38894e-06    3.37916e-07
0.337    2.73813e-06    2.281e-06    3.35432e-07
0.338    2.60705e-06    2.27477e-06    3.47218e-07
0.339    2.5871e-06    2.41462e-06    3.7622e-07
0.34    2.73667e-06    2.7157e-06    4.20849e-07
0.341    3.12355e-06    3.13005e-06    4.74074e-07
0.342    3.78594e-06    3.53562e-06    5.24615e-07
0.343    4.67772e-06    3.77611e-06    5.60925e-07
0.344    5.65555e-06    3.74889e-06    5.74555e-07
0.345    6.54838e-06    3.47082e-06    5.62897e-07
0.346    7.24691e-06    3.05367e-06    5.32702e-07
0.347    7.72738e-06    2.62767e-06    4.97562e-07
0.348    8.01634e-06    2.28933e-06    4.70182e-07
0.349    8.15059e-06    2.08722e-06    4.56947e-07
0.35    8.15842e-06    2.02322e-06    4.57231e-07
0.351    8.06024e-06    2.06248e-06    4.65896e-07
0.352    7.87974e-06    2.15436e-06    4.76056e-07
0.353    7.65607e-06    2.25483e-06    4.81217e-07
0.354    7.44694e-06    2.34187e-06    4.77805e-07
0.355    7.31471e-06    2.41777e-06    4.66448e-07
0.356    7.30161e-06    2.49364e-06    4.49714e-07
0.357    7.41373e-06    2.56958e-06    4.29236e-07
0.358    7.62538e-06    2.63195e-06    4.06362e-07
0.359    7.89499e-06    2.66539e-06    3.84586e-07
0.36    8.17872e-06    2.66315e-06    3.69453e-07
0.361    8.43745e-06    2.63005e-06    3.65029e-07
0.362    8.64035e-06    2.58111e-06    3.70768e-07
0.363    8.76836e-06    2.53775e-06    3.83209e-07
0.364    8.81919e-06    2.52245e-06    4.00526e-07
0.365    8.81268e-06    2.55325e-06    4.24011e-07
0.366    8.79261e-06    2.63949e-06    4.54613e-07
0.367    8.81753e-06    2.77656e-06    4.8926e-07
0.368    8.93739e-06    2.93836e-06    5.22147e-07
0.369    9.16824e-06    3.0786e-06    5.48472e-07
0.37    9.4862e-06    3.14997e-06    5.6564e-07
0.371    9.84573e-06    3.1257e-06    5.72989e-07
0.372    1.02037e-05    3.00517e-06    5.72248e-07
0.373    1.05321e-05    2.80586e-06    5.67518e-07
0.374    1.08177e-05    2.55405e-06    5.63341e-07
0.375    1.1057e-05    2.28016e-06    5.61566e-07
0.376    1.12517e-05    2.0168e-06    5.59458e-07
0.377    1.14065e-05    1.79559e-06    5.51306e-07
0.378    1.15285e-05    1.63994e-06    5.32958e-07
0.379    1.16252e-05    1.55548e-06    5.06193e-07
0.38    1.17024e-05    1.5273e-06    4.79124e-07
0.381    1.17633e-05    1.52975e-06    4.60766e-07
0.382    1.18091e-05    1.53998e-06    4.5443e-07
0.383    1.18408e-05    1.54465e-06    4.57981e-07
0.384    1.18605e-05    1.54065e-06    4.70543e-07
0.385    1.18742e-05    1.53628e-06    4.98201e-07
0.386    1.18957e-05    1.5588e-06    5.549e-07
0.387    1.19568e-05    1.66899e-06    6.58426e-07
0.388    1.21272e-05    1.96042e-06    8.23338e-07
0.389    1.25383e-05    2.49321e-06    1.0506e-06
0.39    1.33665e-05    3.16462e-06    1.30271e-06
0.391    1.46629e-05    3.64203e-06    1.47525e-06
0.392    1.6116e-05    3.60212e-06    1.45587e-06
0.393    1.72518e-05    3.13724e-06    1.2603e-06
0.394    1.79017e-05    2.61872e-06    1.01366e-06
0.395    1.8187e-05    2.27498e-06    8.16625e-07
0.396    1.82704e-05    2.11631e-06    6.99714e-07
0.397    1.82594e-05    2.07023e-06    6.48164e-07
0.398    1.82165e-05    2.0772e-06    6.35562e-07
0.399    1.81845e-05    2.10855e-06    6.44815e-07
0.4    1.8205e-05    2.15488e-06    6.72632e-07
0.401    1.83254e-05    2.20955e-06    7.24663e-07
0.402    1.85871e-05    2.24913e-06    8.03456e-07
0.403    1.89916e-05    2.22491e-06    8.92426e-07
0.404    1.94748e-05    2.09684e-06    9.56211e-07
0.405    1.99419e-05    1.8897e-06    9.68937e-07
0.406    2.03389e-05    1.69215e-06    9.37541e-07
0.407    2.06755e-05    1.59244e-06    8.91333e-07
0.408    2.09946e-05    1.62003e-06    8.56142e-07
0.409    2.13391e-05    1.74272e-06    8.38551e-07
0.41    2.17372e-05    1.90592e-06    8.28938e-07
0.411    2.21989e-05    2.06151e-06    8.16506e-07
0.412    2.27171e-05    2.17656e-06    8.01017e-07
0.413    2.32727e-05    2.23879e-06    7.92772e-07
0.414    2.38445e-05    2.26275e-06    8.02769e-07
0.415    2.44231e-05    2.28875e-06    8.32721e-07
0.416    2.50202e-05    2.36503e-06    8.74036e-07
0.417    2.56656e-05    2.51319e-06    9.13762e-07
0.418    2.63871e-05    2.69987e-06    9.41205e-07
0.419    2.7178e-05    2.84752e-06    9.53836e-07
0.42    2.79778e-05    2.88755e-06    9.59676e-07
0.421    2.86964e-05    2.8168e-06    9.71026e-07
0.422    2.92713e-05    2.70726e-06    9.95512e-07
0.423    2.97069e-05    2.66451e-06    1.03584e-06
0.424    3.00722e-05    2.77781e-06    1.09465e-06
0.425    3.04826e-05    3.08614e-06    1.17547e-06
0.426    3.10783e-05    3.55104e-06    1.27994e-06
0.427    3.19758e-05    4.0335e-06    1.40743e-06
0.428    3.31782e-05    4.32068e-06    1.55687e-06
0.429    3.45244e-05    4.26005e-06    1.71524e-06
0.43    3.57968e-05    3.91054e-06    1.84448e-06
0.431    3.68955e-05    3.53404e-06    1.90491e-06
0.432    3.78755e-05    3.42663e-06    1.88513e-06
0.433    3.88487e-05    3.68583e-06    1.80032e-06
0.434    3.98807e-05    4.15327e-06    1.67162e-06
0.435    4.09619e-05    4.62709e-06    1.51496e-06
0.436    4.20495e-05    5.00323e-06    1.34876e-06
0.437    4.3113e-05    5.26192e-06    1.19894e-06
0.438    4.41445e-05    5.42088e-06    1.0901e-06
0.439    4.5152e-05    5.50972e-06    1.0343e-06
0.44    4.6155e-05    5.56185e-06    1.02795e-06
0.441    4.71861e-05    5.61013e-06    1.06014e-06
0.442    4.8293e-05    5.67946e-06    1.12497e-06
0.443    4.9535e-05    5.77469e-06    1.22652e-06
0.444    5.09672e-05    5.86818e-06    1.37079e-06
0.445    5.26102e-05    5.89955e-06    1.5492e-06
0.446    5.44185e-05    5.80446e-06    1.73081e-06
0.447    5.62826e-05    5.56519e-06    1.87618e-06
0.448    5.80816e-05    5.23322e-06    1.96223e-06
0.449    5.97415e-05    4.88813e-06    1.99627e-06
0.45    6.12488e-05    4.57952e-06    2.00828e-06
0.451    6.26247e-05    4.31862e-06    2.02605e-06
0.452    6.39017e-05    4.11152e-06    2.0541e-06
0.453    6.51158e-05    3.98238e-06    2.0776e-06
0.454    6.63048e-05    3.96237e-06    2.08295e-06
0.455    6.75024e-05    4.05816e-06    2.07003e-06
0.456    6.87294e-05    4.23423e-06    2.04521e-06
0.457    6.99888e-05    4.42866e-06    2.00927e-06
0.458    7.12693e-05    4.58518e-06    1.9615e-06
0.459    7.2554e-05    4.67658e-06    1.91413e-06
0.46    7.38318e-05    4.71346e-06    1.88914e-06
0.461    7.5106e-05    4.74139e-06    1.89656e-06
0.462    7.64002e-05    4.8266e-06    1.92688e-06
0.463    7.77568e-05    5.02782e-06    1.97023e-06
0.464    7.92272e-05    5.36294e-06    2.03063e-06
0.465    8.0855e-05    5.79388e-06    2.11161e-06
0.466    8.26594e-05    6.24461e-06    2.19954e-06
0.467    8.46285e-05    6.63876e-06    2.27704e-06
0.468    8.67274e-05    6.93149e-06    2.34093e-06
0.469    8.89146e-05    7.11848e-06    2.39026e-06
0.47    9.11528e-05    7.22036e-06    2.4113e-06
0.471    9.3408e-05    7.25759e-06    2.3942e-06
0.472    9.56414e-05    7.23751e-06    2.3525e-06
0.473    9.781e-05    7.16231e-06    2.30901e-06
0.474    9.98786e-05    7.04471e-06    2.27387e-06
0.475    0.000101836    6.91634e-06    2.25393e-06
0.476    0.000103703    6.83004e-06    2.27223e-06
0.477    0.000105545    6.86192e-06    2.35805e-06
0.478    0.000107466    7.10135e-06    2.51611e-06
0.479    0.000109616    7.60215e-06    2.71311e-06
0.48    0.000112141    8.30017e-06    2.89395e-06
0.481    0.000115093    8.98422e-06    3.01115e-06
0.482    0.000118329    9.41639e-06    3.04708e-06
0.483    0.00012156    9.53028e-06    3.00902e-06
0.484    0.000124556    9.47512e-06    2.91129e-06
0.485    0.000127272    9.45333e-06    2.77907e-06
0.486    0.000129813    9.57075e-06    2.65651e-06
0.487    0.000132322    9.82829e-06    2.58872e-06
0.488    0.000134924    1.01798e-05    2.59177e-06
0.489    0.000137702    1.05679e-05    2.64761e-06
0.49    0.000140701    1.09287e-05    2.73106e-06
0.491    0.000143921    1.11936e-05    2.83121e-06
0.492    0.000147316    1.13115e-05    2.94255e-06
0.493    0.000150804    1.12857e-05    3.04902e-06
0.494    0.00015431    1.11932e-05    3.13198e-06
0.495    0.000157794    1.11592e-05    3.18848e-06
0.496    0.000161267    1.12906e-05    3.22827e-06
0.497    0.000164779    1.16113e-05    3.25581e-06
0.498    0.000168378    1.20467e-05    3.26752e-06
0.499    0.00017208    1.2466e-05    3.26622e-06
0.5    0.000175855    1.27507e-05    3.26712e-06
0.501    0.000179643    1.285e-05    3.28705e-06
0.502    0.000183391    1.28066e-05    3.33628e-06
0.503    0.000187098    1.27463e-05    3.4221e-06
0.504    0.000190832    1.28313e-05    3.5475e-06
0.505    0.000194725    1.31798e-05    3.69791e-06
0.506    0.000198919    1.37737e-05    3.83591e-06
0.507    0.000203475    1.44312e-05    3.91973e-06
0.508    0.000208303    1.49082e-05    3.93234e-06
0.509    0.000213177    1.50771e-05    3.89235e-06
0.51    0.000217877    1.50239e-05    3.83447e-06
0.511    0.000222323    1.4976e-05    3.78233e-06
0.512    0.000226603    1.51367e-05    3.74232e-06
0.513    0.000230898    1.55656e-05    3.71769e-06
0.514    0.000235385    1.61702e-05    3.72301e-06
0.515    0.000240158    1.67838e-05    3.78135e-06
0.516    0.000245213    1.72703e-05    3.90138e-06
0.517    0.000250478    1.75972e-05    4.06008e-06
0.518    0.000255888    1.78349e-05    4.21829e-06
0.519    0.000261426    1.8086e-05    4.35243e-06
0.52    0.000267118    1.84053e-05    4.46599e-06
0.521    0.00027299    1.87795e-05    4.57304e-06
0.522    0.000279025    1.91671e-05    4.67197e-06
0.523    0.000285171    1.95397e-05    4.7356e-06
0.524    0.000291366    1.98817e-05    4.73442e-06
0.525    0.000297547    2.01726e-05    4.67388e-06
0.526    0.000303668    2.04e-05    4.60146e-06
0.527    0.000309706    2.05959e-05    4.5671e-06
0.528    0.000315693    2.08434e-05    4.57945e-06
0.529    0.000321724    2.123e-05    4.61224e-06
0.53    0.000327928    2.17834e-05    4.64825e-06
0.531    0.000334417    2.24491e-05    4.70275e-06
0.532    0.000341237    2.31357e-05    4.79938e-06
0.533    0.000348369    2.37864e-05    4.9307e-06
0.534    0.000355764    2.44044e-05    5.05613e-06
0.535    0.000363383    2.50053e-05    5.13786e-06
0.536    0.000371195    2.55501e-05    5.16725e-06
0.537    0.000379132    2.59409e-05    5.16108e-06
0.538    0.000387073    2.60939e-05    5.14591e-06
0.539    0.000394879    2.6022e-05    5.14807e-06
0.54    0.000402471    2.58577e-05    5.18896e-06
0.541    0.000409892    2.58046e-05    5.28237e-06
0.542    0.000417317    2.60571e-05    5.43368e-06
0.543    0.000425013    2.67195e-05    5.63801e-06
0.544    0.00043325    2.7743e-05    5.87402e-06
0.545    0.000442185    2.89122e-05    6.09952e-06
0.546    0.00045176    2.99278e-05    6.26202e-06
0.547    0.000461684    3.05775e-05    6.3251e-06
0.548    0.000471579    3.08721e-05    6.28984e-06
0.549    0.000481184    3.10192e-05    6.19124e-06
0.55    0.00049046    3.12681e-05    6.07672e-06
0.551    0.000499559    3.17762e-05    5.98877e-06
0.552    0.000508722    3.25783e-05    5.95833e-06
0.553    0.000518192    3.36232e-05    5.99894e-06
0.554    0.000528162    3.48107e-05    6.09867e-06
0.555    0.000538731    3.60069e-05    6.22222e-06
0.556    0.000549877    3.70618e-05    6.33185e-06
0.557    0.000561454    3.78626e-05    6.41307e-06
0.558    0.000573247    3.84112e-05    6.47949e-06
0.559    0.000585081    3.88577e-05    6.55076e-06
0.56    0.000596921    3.94296e-05    6.62904e-06
0.561    0.00060889    4.02833e-05    6.69988e-06
0.562    0.000621182    4.13822e-05    6.75095e-06
0.563    0.000633922    4.25058e-05    6.78594e-06
0.564    0.000647066    4.33982e-05    6.82226e-06
0.565    0.000660424    4.39586e-05    6.87641e-06
0.566    0.000673802    4.43285e-05    6.95015e-06
0.567    0.000687147    4.47957e-05    7.03027e-06
0.568    0.000700588    4.55843e-05    7.10142e-06
0.569    0.000714345    4.66982e-05    7.16183e-06
0.57    0.000728576    4.79413e-05    7.22995e-06
0.571    0.000743293    4.90908e-05    7.33185e-06
0.572    0.000758391    5.00801e-05    7.47303e-06
0.573    0.000773773    5.10334e-05    7.6241e-06
0.574    0.000789451    5.21237e-05    7.74314e-06
0.575    0.000805519    5.33877e-05    7.81411e-06
0.576    0.000822043    5.46829e-05    7.86027e-06
0.577    0.000838967    5.58278e-05    7.91761e-06
0.578    0.000856145    5.67827e-05    7.99685e-06
0.579    0.000873463    5.76961e-05    8.0782e-06
0.58    0.000890943    5.87771e-05    8.14188e-06
0.581    0.000908734    6.01239e-05    8.19219e-06
0.582    0.000927005    6.16537e-05    8.24796e-06
0.583    0.000945833    6.31708e-05    8.31676e-06
0.584    0.000965161    6.44878e-05    8.38604e-06
0.585    0.000984829    6.55011e-05    8.43787e-06
0.586    0.00100464    6.61763e-05    8.46177e-06
0.587    0.00102441    6.64741e-05    8.45096e-06
0.588    0.00104391    6.62858e-05    8.40027e-06
0.589    0.00106287    6.54402e-05    8.32277e-06
0.59    0.00108093    6.37827e-05    8.26878e-06
0.591    0.0010977    6.12726e-05    8.31935e-06
0.592    0.00111284    5.80271e-05    8.55675e-06
0.593    0.00112616    5.42857e-05    9.04542e-06
0.594    0.00113766    5.0327e-05    9.85015e-06
0.595    0.00114743    4.63927e-05    1.10884e-05
0.596    0.0011557    4.26491e-05    1.30062e-05
0.597    0.00116267    3.91859e-05    1.60796e-05
0.598    0.00116858    3.60351e-05    2.11509e-05
0.599    0.00117359    3.31941e-05    2.96332e-05
0.6    0    inf    inf
0.601    0    inf    inf
0.602    0    inf    inf
0.603    0    inf    inf
0.604    0    inf    inf
0.605    0    inf    inf
0.606    0    inf    inf
0.607    0    inf    inf
0.608    0    inf    inf
0.609    0    inf    inf
0.61    0    inf    inf
0.611    0    inf    inf
0.612    0    inf    inf
0.613    0    inf    inf
0.614    0    inf    inf
0.615    0    inf    inf
0.616    0    inf    inf
0.617    0    inf    inf
0.618    0    inf    inf
0.619    0    inf    inf
0.62    0    inf    inf
0.621    0    inf    inf
0.622    0    inf    inf
0.623    0    inf    inf
0.624    0    inf    inf
0.625    0    inf    inf
0.626    0    inf    inf
0.627    0    inf    inf
0.628    0    inf    inf
0.629    0    inf    inf
0.63    0    inf    inf
0.631    0    inf    inf
0.632    0    inf    inf
0.633    0    inf    inf
0.634    0    inf    inf
0.635    0    inf    inf
0.636    0    inf    inf
0.637    0    inf    inf
0.638    0    inf    inf
0.639    0    inf    inf
0.64    0    inf    inf
0.641    0    inf    inf
0.642    0    inf    inf
0.643    0    inf    inf
0.644    0    inf    inf
0.645    0    inf    inf
0.646    0    inf    inf
0.647    0    inf    inf
0.648    0    inf    inf
0.649    0    inf    inf
0.65    0    inf    inf
0.651    0    inf    inf
0.652    0    inf    inf
0.653    0    inf    inf
0.654    0    inf    inf
0.655    0    inf    inf
0.656    0    inf    inf
0.657    0    inf    inf
0.658    0    inf    inf
0.659    0    inf    inf
0.66    0    inf    inf
0.661    0    inf    inf
0.662    0    inf    inf
0.663    0    inf    inf
0.664    0    inf    inf
0.665    0    inf    inf
0.666    0    inf    inf
0.667    0    inf    inf
0.668    0    inf    inf
0.669    0    inf    inf
0.67    0    inf    inf
0.671    0    inf    inf
0.672    0    inf    inf
0.673    0    inf    inf
0.674    0    inf    inf
0.675    0    inf    inf
0.676    0    inf    inf
0.677    0    inf    inf
0.678    0    inf    inf
0.679    0    inf    inf
0.68    0    inf    inf
0.681    0    inf    inf
0.682    0    inf    inf
0.683    0    inf    inf
0.684    0    inf    inf
0.685    0    inf    inf
0.686    0    inf    inf
0.687    0    inf    inf
0.688    0    inf    inf
0.689    0    inf    inf
0.69    0    inf    inf
0.691    0    inf    inf
0.692    0    inf    inf
0.693    0    inf    inf
0.694    0    inf    inf
0.695    0    inf    inf
0.696    0    inf    inf
0.697    0    inf    inf
0.698    0    inf    inf
0.699    0    inf    inf
0.7    0    inf    inf
0.701    0    inf    inf
0.702    0    inf    inf
0.703    0    inf    inf
0.704    0    inf    inf
0.705    0    inf    inf
0.706    0    inf    inf
0.707    0    inf    inf
0.708    0    inf    inf
0.709    0    inf    inf
0.71    0    inf    inf
0.711    0    inf    inf
0.712    0    inf    inf
0.713    0    inf    inf
0.714    0    inf    inf
0.715    0    inf    inf
0.716    0    inf    inf
0.717    0    inf    inf
0.718    0    inf    inf
0.719    0    inf    inf
0.72    0    inf    inf
0.721    0    inf    inf
0.722    0    inf    inf
0.723    0    inf    inf
0.724    0    inf    inf
0.725    0    inf    inf
0.726    0    inf    inf
0.727    0    inf    inf
0.728    0    inf    inf
0.729    0    inf    inf
0.73    0    inf    inf
0.731    0    inf    inf
0.732    0    inf    inf
0.733    0    inf    inf
0.734    0    inf    inf
0.735    0    inf    inf
0.736    0    inf    inf
0.737    0    inf    inf
0.738    0    inf    inf
0.739    0    inf    inf
0.74    0    inf    inf
0.741    0    inf    inf
0.742    0    inf    inf
0.743    0    inf    inf
0.744    0    inf    inf
0.745    0    inf    inf
0.746    0    inf    inf
0.747    0    inf    inf
0.748    0    inf    inf
0.749    0    inf    inf
0.75    0    inf    inf
0.751    0    inf    inf
0.752    0    inf    inf
0.753    0    inf    inf
0.754    0    inf    inf
0.755    0    inf    inf
0.756    0    inf    inf
0.757    0    inf    inf
0.758    0    inf    inf
0.759    0    inf    inf
0.76    0    inf    inf
0.761    0    inf    inf
0.762    0    inf    inf
0.763    0    inf    inf
0.764    0    inf    inf
0.765    0    inf    inf
0.766    0    inf    inf
0.767    0    inf    inf
0.768    0    inf    inf
0.769    0    inf    inf
0.77    0    inf    inf
0.771    0    inf    inf
0.772    0    inf    inf
0.773    0    inf    inf
0.774    0    inf    inf
0.775    0    inf    inf
0.776    0    inf    inf
0.777    0    inf    inf
0.778    0    inf    inf
0.779    0    inf    inf
0.78    0    inf    inf
0.781    0    inf    inf
0.782    0    inf    inf
0.783    0    inf    inf
0.784    0    inf    inf
0.785    0    inf    inf
0.786    0    inf    inf
0.787    0    inf    inf
0.788    0    inf    inf
0.789    0    inf    inf
0.79    0    inf    inf
0.791    0    inf    inf
0.792    0    inf    inf
0.793    0    inf    inf
0.794    0    inf    inf
0.795    0    inf    inf
0.796    0    inf    inf
0.797    0    inf    inf
0.798    0    inf    inf
0.799    0    inf    inf
0.8    0    inf    inf
0.801    0    inf    inf
0.802    0    inf    inf
0.803    0    inf    inf
0.804    0    inf    inf
0.805    0    inf    inf
0.806    0    inf    inf
0.807    0    inf    inf
0.808    0    inf    inf
0.809    0    inf    inf
0.81    0    inf    inf
0.811    0    inf    inf
0.812    0    inf    inf
0.813    0    inf    inf
0.814    0    inf    inf
0.815    0    inf    inf
0.816    0    inf    inf
0.817    0    inf    inf
0.818    0    inf    inf
0.819    0    inf    inf
0.82    0    inf    inf
0.821    0    inf    inf
0.822    0    inf    inf
0.823    0    inf    inf
0.824    0    inf    inf
0.825    0    inf    inf
0.826    0    inf    inf
0.827    0    inf    inf
0.828    0    inf    inf
0.829    0    inf    inf
0.83    0    inf    inf
0.831    0    inf    inf
0.832    0    inf    inf
0.833    0    inf    inf
0.834    0    inf    inf
0.835    0    inf    inf
0.836    0    inf    inf
0.837    0    inf    inf
0.838    0    inf    inf
0.839    0    inf    inf
0.84    0    inf    inf
0.841    0    inf    inf
0.842    0    inf    inf
0.843    0    inf    inf
0.844    0    inf    inf
0.845    0    inf    inf
0.846    0    inf    inf
0.847    0    inf    inf
0.848    0    inf    inf
0.849    0    inf    inf
0.85    0    inf    inf
0.851    0    inf    inf
0.852    0    inf    inf
0.853    0    inf    inf
0.854    0    inf    inf
0.855    0    inf    inf
0.856    0    inf    inf
0.857    0    inf    inf
0.858    0    inf    inf
0.859    0    inf    inf
0.86    0    inf    inf
0.861    0    inf    inf
0.862    0    inf    inf
0.863    0    inf    inf
0.864    0    inf    inf
0.865    0    inf    inf
0.866    0    inf    inf
0.867    0    inf    inf
0.868    0    inf    inf
0.869    0    inf    inf
0.87    0    inf    inf
0.871    0    inf    inf
0.872    0    inf    inf
0.873    0    inf    inf
0.874    0    inf    inf
0.875    0    inf    inf
0.876    0    inf    inf
0.877    0    inf    inf
0.878    0    inf    inf
0.879    0    inf    inf
0.88    0    inf    inf
0.881    0    inf    inf
0.882    0    inf    inf
0.883    0    inf    inf
0.884    0    inf    inf
0.885    0    inf    inf
0.886    0    inf    inf
0.887    0    inf    inf
0.888    0    inf    inf
0.889    0    inf    inf
0.89    0    inf    inf
0.891    0    inf    inf
0.892    0    inf    inf
0.893    0    inf    inf
0.894    0    inf    inf
0.895    0    inf    inf
0.896    0    inf    inf
0.897    0    inf    inf
0.898    0    inf    inf
0.899    0    inf    inf
0.9    0    inf    inf
0.901    0    inf    inf
0.902    0    inf    inf
0.903    0    inf    inf
0.904    0    inf    inf
0.905    0    inf    inf
0.906    0    inf    inf
0.907    0    inf    inf
0.908    0    inf    inf
0.909    0    inf    inf
0.91    0    inf    inf
0.911    0    inf    inf
0.912    0    inf    inf
0.913    0    inf    inf
0.914    0    inf    inf
0.915    0    inf    inf
0.916    0    inf    inf
0.917    0    inf    inf
0.918    0    inf    inf
0.919    0    inf    inf
0.92    0    inf    inf
0.921    0    inf    inf
0.922    0    inf    inf
0.923    0    inf    inf
0.924    0    inf    inf
0.925    0    inf    inf
0.926    0    inf    inf
0.927    0    inf    inf
0.928    0    inf    inf
0.929    0    inf    inf
0.93    0    inf    inf
0.931    0    inf    inf
0.932    0    inf    inf
0.933    0    inf    inf
0.934    0    inf    inf
0.935    0    inf    inf
0.936    0    inf    inf
0.937    0    inf    inf
0.938    0    inf    inf
0.939    0    inf    inf
0.94    0    inf    inf
0.941    0    inf    inf
0.942    0    inf    inf
0.943    0    inf    inf
0.944    0    inf    inf
0.945    0    inf    inf
0.946    0    inf    inf
0.947    0    inf    inf
0.948    0    inf    inf
0.949    0    inf    inf
0.95    0    inf    inf
0.951    0    inf    inf
0.952    0    inf    inf
0.953    0    inf    inf
0.954    0    inf    inf
0.955    0    inf    inf
0.956    0    inf    inf
0.957    0    inf    inf
0.958    0    inf    inf
0.959    0    inf    inf
0.96    0    inf    inf
0.961    0    inf    inf
0.962    0    inf    inf
0.963    0    inf    inf
0.964    0    inf    inf
0.965    0    inf    inf
0.966    0    inf    inf
0.967    0    inf    inf
0.968    0    inf    inf
0.969    0    inf    inf
0.97    0    inf    inf
0.971    0    inf    inf
0.972    0    inf    inf
0.973    0    inf    inf
0.974    0    inf    inf
0.975    0    inf    inf
0.976    0    inf    inf
0.977    0    inf    inf
0.978    0    inf    inf
0.979    0    inf    inf
0.98    0    inf    inf
0.981    0    inf    inf
0.982    0    inf    inf
0.983    0    inf    inf
0.984    0    inf    inf
0.985    0    inf    inf
0.986    0    inf    inf
0.987    0    inf    inf
0.988    0    inf    inf
0.989    0    inf    inf
0.99    0    inf    inf
0.991    0    inf    inf
0.992    0    inf    inf
0.993    0    inf    inf
0.994    0    inf    inf
0.995    0    inf    inf
0.996    0    inf    inf
0.997    0    inf    inf
0.998    0    inf    inf
0.999    0    inf    inf
1    0    inf    inf
1.001    0    inf    inf
1.002    0    inf    inf
1.003    0    inf    inf
1.004    0    inf    inf
1.005    0    inf    inf
1.006    0    inf    inf
1.007    0    inf    inf
1.008    0    inf    inf
1.009    0    inf    inf
1.01    0    inf    inf
1.011    0    inf    inf
1.012    0    inf    inf
1.013    0    inf    inf
1.014    0    inf    inf
1.015    0    inf    inf
1.016    0    inf    inf
1.017    0    inf    inf
1.018    0    inf    inf
1.019    0    inf    inf
1.02    0    inf    inf
1.021    0    inf    inf
1.022    0    inf    inf
1.023    0    inf    inf
1.024    0    inf    inf
1.025    0    inf    inf
1.026    0    inf    inf
1.027    0    inf    inf
1.028    0    inf    inf
1.029    0    inf    inf
1.03    0    inf    inf
1.031    0    inf    inf
1.032    0    inf    inf
1.033    0    inf    inf
1.034    0    inf    inf
1.035    0    inf    inf
1.036    0    inf    inf
1.037    0    inf    inf
1.038    0    inf    inf
1.039    0    inf    inf
1.04    0    inf    inf
1.041    0    inf    inf
1.042    0    inf    inf
1.043    0    inf    inf
1.044    0    inf    inf
1.045    0    inf    inf
1.046    0    inf    inf
1.047    0    inf    inf
1.048    0    inf    inf
1.049    0    inf    inf
1.05    0    inf    inf
1.051    0    inf    inf
1.052    0    inf    inf
1.053    0    inf    inf
1.054    0    inf    inf
1.055    0    inf    inf
1.056    0    inf    inf
1.057    0    inf    inf
1.058    0    inf    inf
1.059    0    inf    inf
1.06    0    inf    inf
1.061    0    inf    inf
1.062    0    inf    inf
1.063    0    inf    inf
1.064    0    inf    inf
1.065    0    inf    inf
1.066    0    inf    inf
1.067    0    inf    inf
1.068    0    inf    inf
1.069    0    inf    inf
1.07    0    inf    inf
1.071    0    inf    inf
1.072    0    inf    inf
1.073    0    inf    inf
1.074    0    inf    inf
1.075    0    inf    inf
1.076    0    inf    inf
1.077    0    inf    inf
1.078    0    inf    inf
1.079    0    inf    inf
1.08    0    inf    inf
1.081    0    inf    inf
1.082    0    inf    inf
1.083    0    inf    inf
1.084    0    inf    inf
1.085    0    inf    inf
1.086    0    inf    inf
1.087    0    inf    inf
1.088    0    inf    inf
1.089    0    inf    inf
1.09    0    inf    inf
1.091    0    inf    inf
1.092    0    inf    inf
1.093    0    inf    inf
1.094    0    inf    inf
1.095    0    inf    inf
1.096    0    inf    inf
1.097    0    inf    inf
1.098    0    inf    inf
1.099    0    inf    inf
1.1    0    inf    inf
1.101    0    inf    inf
1.102    0    inf    inf
1.103    0    inf    inf
1.104    0    inf    inf
1.105    0    inf    inf
1.106    0    inf    inf
1.107    0    inf    inf
1.108    0    inf    inf
1.109    0    inf    inf
1.11    0    inf    inf
1.111    0    inf    inf
1.112    0    inf    inf
1.113    0    inf    inf
1.114    0    inf    inf
1.115    0    inf    inf
1.116    0    inf    inf
1.117    0    inf    inf
1.118    0    inf    inf
1.119    0    inf    inf
1.12    0    inf    inf
1.121    0    inf    inf
1.122    0    inf    inf
1.123    0    inf    inf
1.124    0    inf    inf
1.125    0    inf    inf
1.126    0    inf    inf
1.127    0    inf    inf
1.128    0    inf    inf
1.129    0    inf    inf
1.13    0    inf    inf
1.131    0    inf    inf
1.132    0    inf    inf
1.133    0    inf    inf
1.134    0    inf    inf
1.135    0    inf    inf
1.136    0    inf    inf
1.137    0    inf    inf
1.138    0    inf    inf
1.139    0    inf    inf
1.14    0    inf    inf
1.141    0    inf    inf
1.142    0    inf    inf
1.143    0    inf    inf
1.144    0    inf    inf
1.145    0    inf    inf
1.146    0    inf    inf
1.147    0    inf    inf
1.148    0    inf    inf
1.149    0    inf    inf
1.15    0    inf    inf
1.151    0    inf    inf
1.152    0    inf    inf
1.153    0    inf    inf
1.154    0    inf    inf
1.155    0    inf    inf
1.156    0    inf    inf
1.157    0    inf    inf
1.158    0    inf    inf
1.159    0    inf    inf
1.16    0    inf    inf
1.161    0    inf    inf
1.162    0    inf    inf
1.163    0    inf    inf
1.164    0    inf    inf
1.165    0    inf    inf
1.166    0    inf    inf
1.167    0    inf    inf
1.168    0    inf    inf
1.169    0    inf    inf
1.17    0    inf    inf
1.171    0    inf    inf
1.172    0    inf    inf
1.173    0    inf    inf
1.174    0    inf    inf
1.175    0    inf    inf
1.176    0    inf    inf
1.177    0    inf    inf
1.178    0    inf    inf
1.179    0    inf    inf
1.18    0    inf    inf
1.181    0    inf    inf
1.182    0    inf    inf
1.183    0    inf    inf
1.184    0    inf    inf
1.185    0    inf    inf
1.186    0    inf    inf
1.187    0    inf    inf
1.188    0    inf    inf
1.189    0    inf    inf
1.19    0    inf    inf
1.191    0    inf    inf
1.192    0    inf    inf
1.193    0    inf    inf
1.194    0    inf    inf
1.195    0    inf    inf
1.196    0    inf    inf
1.197    0    inf    inf
1.198    0    inf    inf
1.199    0    inf    inf
1.2    0    inf    inf
1.201    0    inf    inf
1.202    0    inf    inf
1.203    0    inf    inf
1.204    0    inf    inf
1.205    0    inf    inf
1.206    0    inf    inf
1.207    0    inf    inf
1.208    0    inf    inf
1.209    0    inf    inf
1.21    0    inf    inf
1.211    0    inf    inf
1.212    0    inf    inf
1.213    0    inf    inf
1.214    0    inf    inf
1.215    0    inf    inf
1.216    0    inf    inf
1.217    0    inf    inf
1.218    0    inf    inf
1.219    0    inf    inf
1.22    0    inf    inf
1.221    0    inf    inf
1.222    0    inf    inf
1.223    0    inf    inf
1.224    0    inf    inf
1.225    0    inf    inf
1.226    0    inf    inf
1.227    0    inf    inf
1.228    0    inf    inf
1.229    0    inf    inf
1.23    0    inf    inf
1.231    0    inf    inf
1.232    0    inf    inf
1.233    0    inf    inf
1.234    0    inf    inf
1.235    0    inf    inf
1.236    0    inf    inf
1.237    0    inf    inf
1.238    0    inf    inf
1.239    0    inf    inf
1.24    0    inf    inf
1.241    0    inf    inf
1.242    0    inf    inf
1.243    0    inf    inf
1.244    0    inf    inf
1.245    0    inf    inf
1.246    0    inf    inf
1.247    0    inf    inf
1.248    0    inf    inf
1.249    0    inf    inf
1.25    0    inf    inf
1.251    0    inf    inf
1.252    0    inf    inf
1.253    0    inf    inf
1.254    0    inf    inf
1.255    0    inf    inf
1.256    0    inf    inf
1.257    0    inf    inf
1.258    0    inf    inf
1.259    0    inf    inf
1.26    0    inf    inf
1.261    0    inf    inf
1.262    0    inf    inf
1.263    0    inf    inf
1.264    0    inf    inf
1.265    0    inf    inf
1.266    0    inf    inf
1.267    0    inf    inf
1.268    0    inf    inf
1.269    0    inf    inf
1.27    0    inf    inf
1.271    0    inf    inf
1.272    0    inf    inf
1.273    0    inf    inf
1.274    0    inf    inf
1.275    0    inf    inf
1.276    0    inf    inf
1.277    0    inf    inf
1.278    0    inf    inf
1.279    0    inf    inf
1.28    0    inf    inf
1.281    0    inf    inf
1.282    0    inf    inf
1.283    0    inf    inf
1.284    0    inf    inf
1.285    0    inf    inf
1.286    0    inf    inf
1.287    0    inf    inf
1.288    0    inf    inf
1.289    0    inf    inf
1.29    0    inf    inf
1.291    0    inf    inf
1.292    0    inf    inf
1.293    0    inf    inf
1.294    0    inf    inf
1.295    0    inf    inf
1.296    0    inf    inf
1.297    0    inf    inf
1.298    0    inf    inf
1.299    0    inf    inf
1.3    0    inf    inf
1.301    0    inf    inf
1.302    0    inf    inf
1.303    0    inf    inf
1.304    0    inf    inf
1.305    0    inf    inf
1.306    0    inf    inf
1.307    0    inf    inf
1.308    0    inf    inf
1.309    0    inf    inf
1.31    0    inf    inf
1.311    0    inf    inf
1.312    0    inf    inf
1.313    0    inf    inf
1.314    0    inf    inf
1.315    0    inf    inf
1.316    0    inf    inf
1.317    0    inf    inf
1.318    0    inf    inf
1.319    0    inf    inf
1.32    0    inf    inf
1.321    0    inf    inf
1.322    0    inf    inf
1.323    0    inf    inf
1.324    0    inf    inf
1.325    0    inf    inf
1.326    0    inf    inf
1.327    0    inf    inf
1.328    0    inf    inf
1.329    0    inf    inf
1.33    0    inf    inf
1.331    0    inf    inf
1.332    0    inf    inf
1.333    0    inf    inf
1.334    0    inf    inf
1.335    0    inf    inf
1.336    0    inf    inf
1.337    0    inf    inf
1.338    0    inf    inf
1.339    0    inf    inf
1.34    0    inf    inf
1.341    0    inf    inf
1.342    0    inf    inf
1.343    0    inf    inf
1.344    0    inf    inf
1.345    0    inf    inf
1.346    0    inf    inf
1.347    0    inf    inf
1.348    0    inf    inf
1.349    0    inf    inf
1.35    0    inf    inf
1.351    0    inf    inf
1.352    0    inf    inf
1.353    0    inf    inf
1.354    0    inf    inf
1.355    0    inf    inf
1.356    0    inf    inf
1.357    0    inf    inf
1.358    0    inf    inf
1.359    0    inf    inf
1.36    0    inf    inf
1.361    0    inf    inf
1.362    0    inf    inf
1.363    0    inf    inf
1.364    0    inf    inf
1.365    0    inf    inf
1.366    0    inf    inf
1.367    0    inf    inf
1.368    0    inf    inf
1.369    0    inf    inf
1.37    0    inf    inf
1.371    0    inf    inf
1.372    0    inf    inf
1.373    0    inf    inf
1.374    0    inf    inf
1.375    0    inf    inf
1.376    0    inf    inf
1.377    0    inf    inf
1.378    0    inf    inf
1.379    0    inf    inf
1.38    0    inf    inf
1.381    0    inf    inf
1.382    0    inf    inf
1.383    0    inf    inf
1.384    0    inf    inf
1.385    0    inf    inf
1.386    0    inf    inf
1.387    0    inf    inf
1.388    0    inf    inf
1.389    0    inf    inf
1.39    0    inf    inf
1.391    0    inf    inf
1.392    0    inf    inf
1.393    0    inf    inf
1.394    0    inf    inf
1.395    0    inf    inf
1.396    0    inf    inf
1.397    0    inf    inf
1.398    0    inf    inf
1.399    0    inf    inf
1.4    0    inf    inf
1.401    0    inf    inf
1.402    0    inf    inf
1.403    0    inf    inf
1.404    0    inf    inf
1.405    0    inf    inf
1.406    0    inf    inf
1.407    0    inf    inf
1.408    0    inf    inf
1.409    0    inf    inf
1.41    0    inf    inf
1.411    0    inf    inf
1.412    0    inf    inf
1.413    0    inf    inf
1.414    0    inf    inf
1.415    0    inf    inf
1.416    0    inf    inf
1.417    0    inf    inf
1.418    0    inf    inf
1.419    0    inf    inf
1.42    0    inf    inf
1.421    0    inf    inf
1.422    0    inf    inf
1.423    0    inf    inf
1.424    0    inf    inf
1.425    0    inf    inf
1.426    0    inf    inf
1.427    0    inf    inf
1.428    0    inf    inf
1.429    0    inf    inf
1.43    0    inf    inf
1.431    0    inf    inf
1.432    0    inf    inf
1.433    0    inf    inf
1.434    0    inf    inf
1.435    0    inf    inf
1.436    0    inf    inf
1.437    0    inf    inf
1.438    0    inf    inf
1.439    0    inf    inf
1.44    0    inf    inf
1.441    0    inf    inf
1.442    0    inf    inf
1.443    0    inf    inf
1.444    0    inf    inf
1.445    0    inf    inf
1.446    0    inf    inf
1.447    0    inf    inf
1.448    0    inf    inf
1.449    0    inf    inf
1.45    0    inf    inf
1.451    0    inf    inf
1.452    0    inf    inf
1.453    0    inf    inf
1.454    0    inf    inf
1.455    0    inf    inf
1.456    0    inf    inf
1.457    0    inf    inf
1.458    0    inf    inf
1.459    0    inf    inf
1.46    0    inf    inf
1.461    0    inf    inf
1.462    0    inf    inf
1.463    0    inf    inf
1.464    0    inf    inf
1.465    0    inf    inf
1.466    0    inf    inf
1.467    0    inf    inf
1.468    0    inf    inf
1.469    0    inf    inf
1.47    0    inf    inf
1.471    0    inf    inf
1.472    0    inf    inf
1.473    0    inf    inf
1.474    0    inf    inf
1.475    0    inf    inf
1.476    0    inf    inf
1.477    0    inf    inf
1.478    0    inf    inf
1.479    0    inf    inf
1.48    0    inf    inf
1.481    0    inf    inf
1.482    0    inf    inf
1.483    0    inf    inf
1.484    0    inf    inf
1.485    0    inf    inf
1.486    0    inf    inf
1.487    0    inf    inf
1.488    0    inf    inf
1.489    0    inf    inf
1.49    0    inf    inf
1.491    0    inf    inf
1.492    0    inf    inf
1.493    0    inf    inf
1.494    0    inf    inf
1.495    0    inf    inf
1.496    0    inf    inf
1.497    0    inf    inf
1.498    0    inf    inf
1.499    0    inf    inf
1.5    0    inf    inf
