0.2    1.60304e-05    2.40548e-06    2.00307e-06
0.201    1.61843e-05    2.24592e-06    1.34315e-06
0.202    1.62802e-05    2.13845e-06    9.87174e-07
0.203    1.6341e-05    2.07342e-06    8.29618e-07
0.204    1.63836e-05    2.03966e-06    7.82133e-07
0.205    1.64217e-05    2.02769e-06    7.85071e-07
0.206    1.64679e-05    2.02975e-06    8.14247e-07
0.207    1.65357e-05    2.0375e-06    8.67745e-07
0.208    1.66362e-05    2.03878e-06    9.41372e-07
0.209    1.67648e-05    2.01884e-06    1.00331e-06
0.21    1.689e-05    1.97427e-06    1.01102e-06
0.211    1.69753e-05    1.92304e-06    9.6666e-07
0.212    1.70123e-05    1.88532e-06    9.08154e-07
0.213    1.70151e-05    1.86503e-06    8.5506e-07
0.214    1.69996e-05    1.85471e-06    8.03856e-07
0.215    1.69753e-05    1.84452e-06    7.51141e-07
0.216    1.69475e-05    1.82654e-06    7.07067e-07
0.217    1.692e-05    1.79748e-06    6.91342e-07
0.218    1.68958e-05    1.76017e-06    7.11155e-07
0.219    1.68765e-05    1.72148e-06    7.50596e-07
0.22    1.68615e-05    1.68786e-06    7.92419e-07
0.221    1.68488e-05    1.66276e-06    8.40404e-07
0.222    1.6835e-05    1.64729e-06    9.27968e-07
0.223    1.68143e-05    1.64243e-06    1.11525e-06
0.224    1.67769e-05    1.6511e-06    1.44282e-06
0.225    1.67116e-05    1.67643e-06    1.80713e-06
0.226    1.66272e-05    1.71212e-06    1.90769e-06
0.227    1.65606e-05    1.74332e-06    1.63036e-06
0.228    1.65292e-05    1.76675e-06    1.25455e-06
0.229    1.6522e-05    1.7898e-06    9.95419e-07
0.23    1.65276e-05    1.82037e-06    8.56839e-07
0.231    1.65425e-05    1.86483e-06    7.75065e-07
0.232    1.65662e-05    1.92777e-06    7.07505e-07
0.233    1.65985e-05    2.01024e-06    6.48627e-07
0.234    1.66365e-05    2.10762e-06    6.20999e-07
0.235    1.6675e-05    2.20984e-06    6.46019e-07
0.236    1.67085e-05    2.30474e-06    7.12406e-07
0.237    1.67346e-05    2.3809e-06    7.90729e-07
0.238    1.67556e-05    2.42608e-06    8.63642e-07
0.239    1.67787e-05    2.42252e-06    9.28723e-07
0.24    1.68136e-05    2.34708e-06    9.80162e-07
0.241    1.68643e-05    2.18969e-06    9.94147e-07
0.242    1.69209e-05    1.98238e-06    9.5566e-07
0.243    1.69673e-05    1.78829e-06    8.9216e-07
0.244    1.69961e-05    1.6501e-06    8.40743e-07
0.245    1.70083e-05    1.57174e-06    8.1337e-07
0.246    1.70065e-05    1.54095e-06    8.14029e-07
0.247    1.69892e-05    1.55218e-06    8.67029e-07
0.248    1.69475e-05    1.61851e-06    1.02183e-06
0.249    1.68643e-05    1.77147e-06    1.29666e-06
0.25    1.6727e-05    2.023e-06    1.56498e-06
0.251    1.6567e-05    2.30102e-06    1.58457e-06
0.252    1.64484e-05    2.50361e-06    1.33375e-06
0.253    1.63886e-05    2.6137e-06    1.04727e-06
0.254    1.63635e-05    2.66866e-06    8.71038e-07
0.255    1.63523e-05    2.69925e-06    7.99161e-07
0.256    1.63467e-05    2.71903e-06    7.86316e-07
0.257    1.63467e-05    2.72961e-06    8.12629e-07
0.258    1.63592e-05    2.7221e-06    8.90823e-07
0.259    1.63992e-05    2.67352e-06    1.04086e-06
0.26    1.64868e-05    2.54737e-06    1.22447e-06
0.261    1.66208e-05    2.32564e-06    1.30915e-06
0.262    1.67575e-05    2.06329e-06    1.20983e-06
0.263    1.68538e-05    1.85274e-06    1.01997e-06
0.264    1.69078e-05    1.72736e-06    8.6533e-07
0.265    1.69366e-05    1.66421e-06    7.81362e-07
0.266    1.69537e-05    1.63358e-06    7.49707e-07
0.267    1.69661e-05    1.61729e-06    7.55189e-07
0.268    1.69769e-05    1.60663e-06    8.11867e-07
0.269    1.69874e-05    1.59779e-06    9.74448e-07
0.27    1.69982e-05    1.58921e-06    1.3391e-06
0.271    1.70102e-05    1.58015e-06    2.04633e-06
0.272    1.70268e-05    1.56985e-06    3.33599e-06
0.273    1.70663e-05    1.55516e-06    5.649e-06
0.274    1.72027e-05    1.51796e-06    9.2546e-06
0.275    1.75296e-05    1.3903e-06    1.13277e-05
0.276    1.78065e-05    1.21363e-06    8.54339e-06
0.277    1.7894e-05    1.14275e-06    5.16183e-06
0.278    1.79116e-05    1.1312e-06    3.07883e-06
0.279    1.7914e-05    1.13455e-06    1.91454e-06
0.28    1.79123e-05    1.14292e-06    1.28731e-06
0.281    1.79076e-05    1.15613e-06    9.83736e-07
0.282    1.78976e-05    1.17713e-06    8.63615e-07
0.283    1.78778e-05    1.2116e-06    8.27805e-07
0.284    1.78399e-05    1.26801e-06    8.22566e-07
0.285    1.77714e-05    1.35547e-06    8.28553e-07
0.286    1.76591e-05    1.47574e-06    8.41106e-07
0.287    1.75017e-05    1.61274e-06    8.53805e-07
0.288    1.73235e-05    1.73589e-06    8.55615e-07
0.289    1.71655e-05    1.82361e-06    8.4471e-07
0.29    1.70545e-05    1.87678e-06    8.31892e-07
0.291    1.6991e-05    1.90801e-06    8.27911e-07
0.292    1.69648e-05    1.92955e-06    8.42617e-07
0.293    1.69718e-05    1.95163e-06    8.98988e-07
0.294    1.70271e-05    1.98649e-06    1.04349e-06
0.295    1.71786e-05    2.04936e-06    1.31626e-06
0.296    1.74971e-05    2.13436e-06    1.64592e-06
0.297    1.79719e-05    2.1741e-06    1.79066e-06
0.298    1.84207e-05    2.12807e-06    1.61712e-06
0.299    1.87022e-05    2.06862e-06    1.31747e-06
0.3    1.8846e-05    2.04739e-06    1.08302e-06
0.301    1.89244e-05    2.05986e-06    9.35144e-07
0.302    1.89823e-05    2.09327e-06    8.30622e-07
0.303    1.90393e-05    2.14068e-06    7.44484e-07
0.304    1.91014e-05    2.19796e-06    6.86084e-07
0.305    1.91655e-05    2.26135e-06    6.8111e-07
0.306    1.92203e-05    2.32833e-06    7.34736e-07
0.307    1.92449e-05    2.40061e-06    8.211e-07
0.308    1.92034e-05    2.48587e-06    9.11689e-07
0.309    1.90391e-05    2.59099e-06    9.91852e-07
0.31    1.86895e-05    2.69551e-06    1.05103e-06
0.311    1.8156e-05    2.72675e-06    1.06825e-06
0.312    1.75679e-05    2.62157e-06    1.02899e-06
0.313    1.70919e-05    2.42607e-06    9.56307e-07
0.314    1.67866e-05    2.2418e-06    8.89334e-07
0.315    1.66124e-05    2.11906e-06    8.46809e-07
0.316    1.65082e-05    2.05355e-06    8.3374e-07
0.317    1.64223e-05    2.02591e-06    8.65135e-07
0.318    1.63078e-05    2.0205e-06    9.68133e-07
0.319    1.61189e-05    2.02151e-06    1.13205e-06
0.32    1.58456e-05    2.00224e-06    1.24519e-06
0.321    1.55629e-05    1.94773e-06    1.18765e-06
0.322    1.53641e-05    1.88841e-06    1.01046e-06
0.323    1.52615e-05    1.8549e-06    8.48718e-07
0.324    1.52198e-05    1.84792e-06    7.58218e-07
0.325    1.52116e-05    1.86253e-06    7.27572e-07
0.326    1.52314e-05    1.90795e-06    7.46426e-07
0.327    1.53014e-05    2.02343e-06    8.40333e-07
0.328    1.54971e-05    2.29728e-06    1.07141e-06
0.329    1.60026e-05    2.83053e-06    1.48698e-06
0.33    1.71048e-05    3.5072e-06    1.98774e-06
0.331    1.87919e-05    3.78176e-06    2.22827e-06
0.332    2.03434e-05    3.35585e-06    2.00078e-06
0.333    2.12278e-05    2.73828e-06    1.58802e-06
0.334    2.16054e-05    2.34916e-06    1.27307e-06
0.335    2.17536e-05    2.18046e-06    1.08998e-06
0.336    2.18198e-05    2.11591e-06    9.76251e-07
0.337    2.18627e-05    2.08467e-06    8.85279e-07
0.338    2.19035e-05    2.05757e-06    8.09899e-07
0.339    2.19481e-05    2.02513e-06    7.72387e-07
0.34    2.19964e-05    1.98671e-06    7.94321e-07
0.341    2.20452e-05    1.94576e-06    8.66197e-07
0.342    2.20916e-05    1.90686e-06    9.60619e-07
0.343    2.21344e-05    1.87362e-06    1.06772e-06
0.344    2.21747e-05    1.84804e-06    1.21625e-06
0.345    2.22155e-05    1.83118e-06    1.48615e-06
0.346    2.22624e-05    1.82494e-06    2.01578e-06
0.347    2.23289e-05    1.83709e-06    3.01297e-06
0.348    2.24583e-05    1.89804e-06    4.79636e-06
0.349    2.27928e-05    2.08344e-06    7.61843e-06
0.35    2.35478e-05    2.34833e-06    1.00356e-05
0.351    2.43697e-05    2.37993e-06    8.81322e-06
0.352    2.47461e-05    2.30689e-06    5.8e-06
0.353    2.48631e-05    2.26929e-06    3.56601e-06
0.354    2.49089e-05    2.2482e-06    2.25373e-06
0.355    2.49388e-05    2.23045e-06    1.54809e-06
0.356    2.49652e-05    2.21313e-06    1.21931e-06
0.357    2.49912e-05    2.19591e-06    1.1016e-06
0.358    2.50187e-05    2.17917e-06    1.08179e-06
0.359    2.50517e-05    2.16415e-06    1.11306e-06
0.36    2.51005e-05    2.15421e-06    1.21048e-06
0.361    2.51904e-05    2.15705e-06    1.43511e-06
0.362    2.53734e-05    2.18338e-06    1.82746e-06
0.363    2.57129e-05    2.22417e-06    2.2593e-06
0.364    2.61797e-05    2.22532e-06    2.39949e-06
0.365    2.65942e-05    2.17689e-06    2.11668e-06
0.366    2.6829e-05    2.16808e-06    1.69674e-06
0.367    2.68994e-05    2.27063e-06    1.40027e-06
0.368    2.68384e-05    2.52464e-06    1.25944e-06
0.369    2.66245e-05    2.97678e-06    1.2096e-06
0.37    2.61655e-05    3.66164e-06    1.20071e-06
0.371    2.53054e-05    4.53244e-06    1.21559e-06
0.372    2.39015e-05    5.371e-06    1.24581e-06
0.373    2.20223e-05    5.80267e-06    1.26658e-06
0.374    2.00715e-05    5.57838e-06    1.2432e-06
0.375    1.85101e-05    4.85088e-06    1.16759e-06
0.376    1.74977e-05    3.99413e-06    1.0731e-06
0.377    1.69302e-05    3.27264e-06    9.99087e-07
0.378    1.66523e-05    2.76659e-06    9.6742e-07
0.379    1.65674e-05    2.45204e-06    9.918e-07
0.38    1.66508e-05    2.27215e-06    1.07708e-06
0.381    1.69122e-05    2.1557e-06    1.18299e-06
0.382    1.73082e-05    2.01815e-06    1.21519e-06
0.383    1.76994e-05    1.82897e-06    1.13261e-06
0.384    1.79733e-05    1.65333e-06    1.01146e-06
0.385    1.81321e-05    1.55509e-06    9.32478e-07
0.386    1.82323e-05    1.54793e-06    9.10841e-07
0.387    1.83325e-05    1.63735e-06    9.33533e-07
0.388    1.849e-05    1.85071e-06    9.93347e-07
0.389    1.87677e-05    2.22344e-06    1.08482e-06
0.39    1.92138e-05    2.75725e-06    1.18463e-06
0.391    1.98141e-05    3.40847e-06    1.25702e-06
0.392    2.05054e-05    4.13845e-06    1.28945e-06
0.393    2.1272e-05    4.94061e-06    1.29385e-06
0.394    2.21863e-05    5.80213e-06    1.27838e-06
0.395    2.33541e-05    6.6605e-06    1.24436e-06
0.396    2.48404e-05    7.38647e-06    1.20212e-06
0.397    2.66056e-05    7.80986e-06    1.18237e-06
0.398    2.84815e-05    7.79933e-06    1.2195e-06
0.399    3.02253e-05    7.35123e-06    1.31229e-06
0.4    3.16279e-05    6.605e-06    1.42895e-06
0.401    3.25726e-05    5.77601e-06    1.55328e-06
0.402    3.29983e-05    5.08628e-06    1.7036e-06
0.403    3.2825e-05    4.71057e-06    1.90254e-06
0.404    3.19821e-05    4.6148e-06    2.09885e-06
0.405    3.064e-05    4.44133e-06    2.14461e-06
0.406    2.93045e-05    3.92816e-06    1.96991e-06
0.407    2.83763e-05    3.2577e-06    1.69729e-06
0.408    2.78686e-05    2.71127e-06    1.47225e-06
0.409    2.76232e-05    2.37765e-06    1.33626e-06
0.41    2.75084e-05    2.20877e-06    1.27264e-06
0.411    2.74518e-05    2.1345e-06    1.28095e-06
0.412    2.74202e-05    2.1105e-06    1.41982e-06
0.413    2.74046e-05    2.12697e-06    1.82399e-06
0.414    2.7428e-05    2.23147e-06    2.69715e-06
0.415    2.7612e-05    2.60667e-06    4.32703e-06
0.416    2.83764e-05    3.54007e-06    6.93127e-06
0.417    3.04112e-05    4.5982e-06    9.36725e-06
0.418    3.29737e-05    4.41844e-06    8.79914e-06
0.419    3.4362e-05    3.56941e-06    6.18198e-06
0.42    3.47932e-05    3.096e-06    4.00206e-06
0.421    3.48907e-05    2.94356e-06    2.70746e-06
0.422    3.49065e-05    2.91532e-06    2.05801e-06
0.423    3.49218e-05    2.93727e-06    1.79269e-06
0.424    3.49764e-05    2.99603e-06    1.71231e-06
0.425    3.51116e-05    3.09736e-06    1.69928e-06
0.426    3.53808e-05    3.24281e-06    1.70108e-06
0.427    3.5836e-05    3.40253e-06    1.70168e-06
0.428    3.64808e-05    3.50005e-06    1.70583e-06
0.429    3.72248e-05    3.45806e-06    1.72891e-06
0.43    3.79222e-05    3.28883e-06    1.77979e-06
0.431    3.84864e-05    3.11043e-06    1.85337e-06
0.432    3.89477e-05    3.0714e-06    1.94514e-06
0.433    3.94305e-05    3.28124e-06    2.06305e-06
0.434    4.01174e-05    3.7571e-06    2.217e-06
0.435    4.11923e-05    4.35342e-06    2.38399e-06
0.436    4.26792e-05    4.75577e-06    2.48926e-06
0.437    4.429e-05    4.72155e-06    2.48073e-06
0.438    4.56304e-05    4.40666e-06    2.41465e-06
0.439    4.65782e-05    4.27149e-06    2.38955e-06
0.44    4.73088e-05    4.71543e-06    2.45721e-06
0.441    4.81423e-05    5.90263e-06    2.64533e-06
0.442    4.95145e-05    7.81575e-06    2.99039e-06
0.443    5.20001e-05    1.0199e-05    3.49011e-06
0.444    5.60643e-05    1.22685e-05    4.00248e-06
0.445    6.13192e-05    1.2826e-05    4.26283e-06
0.446    6.63044e-05    1.14347e-05    4.1292e-06
0.447    6.98565e-05    9.05701e-06    3.73325e-06
0.448    7.19991e-05    6.89356e-06    3.28371e-06
0.449    7.32906e-05    5.46876e-06    2.89329e-06
0.45    7.41837e-05    4.72668e-06    2.62036e-06
0.451    7.49074e-05    4.38157e-06    2.52243e-06
0.452    7.55401e-05    4.1813e-06    2.62757e-06
0.453    7.60803e-05    3.99391e-06    2.89688e-06
0.454    7.64858e-05    3.78505e-06    3.25229e-06
0.455    7.66937e-05    3.58851e-06    3.61737e-06
0.456    7.66555e-05    3.49331e-06    3.92014e-06
0.457    7.64168e-05    3.62969e-06    4.09958e-06
0.458    7.61748e-05    4.15054e-06    4.15603e-06
0.459    7.6197e-05    5.17207e-06    4.15767e-06
0.46    7.67116e-05    6.69529e-06    4.15793e-06
0.461    7.79249e-05    8.61258e-06    4.15702e-06
0.462    8.00586e-05    1.06866e-05    4.13794e-06
0.463    8.3248e-05    1.24773e-05    4.1166e-06
0.464    8.73093e-05    1.34187e-05    4.16979e-06
0.465    9.16478e-05    1.31776e-05    4.36166e-06
0.466    9.55897e-05    1.19928e-05    4.62244e-06
0.467    9.88462e-05    1.05423e-05    4.80599e-06
0.468    0.000101585    9.47401e-06    4.8229e-06
0.469    0.000104152    9.00361e-06    4.6854e-06
0.47    0.000106765    8.83172e-06    4.51386e-06
0.471    0.000109368    8.49295e-06    4.48379e-06
0.472    0.000111712    7.77208e-06    4.6659e-06
0.473    0.000113594    6.80711e-06    4.97445e-06
0.474    0.000115015    5.9578e-06    5.33524e-06
0.475    0.000116185    5.70141e-06    5.82749e-06
0.476    0.000117501    6.49553e-06    6.70069e-06
0.477    0.000119594    8.37291e-06    8.20035e-06
0.478    0.000123213    1.05727e-05    1.00562e-05
0.479    0.000128358    1.15381e-05    1.11355e-05
0.48    0.000133438    1.02837e-05    1.05697e-05
0.481    0.000136868    7.77651e-06    9.08163e-06
0.482    0.00013866    5.49078e-06    7.78694e-06
0.483    0.000139537    4.10735e-06    6.97042e-06
0.484    0.000140062    3.766e-06    6.42681e-06
0.485    0.000140554    4.3306e-06    5.99644e-06
0.486    0.000141217    5.54764e-06    5.71211e-06
0.487    0.000142222    7.21705e-06    5.67494e-06
0.488    0.000143719    9.15103e-06    5.82965e-06
0.489    0.000145814    1.11122e-05    5.95964e-06
0.49    0.000148525    1.28251e-05    5.93195e-06
0.491    0.00015176    1.40406e-05    5.85537e-06
0.492    0.000155333    1.46256e-05    5.99459e-06
0.493    0.000159049    1.46452e-05    6.49768e-06
0.494    0.000162834    1.43787e-05    7.24491e-06
0.495    0.00016682    1.41986e-05    8.00162e-06
0.496    0.000171277    1.42583e-05    8.59546e-06
0.497    0.000176305    1.41951e-05    8.96261e-06
0.498    0.00018148    1.34006e-05    9.10031e-06
0.499    0.000186034    1.17755e-05    8.98478e-06
0.5    0.000189517    9.9531e-06    8.60212e-06
0.501    0.000192085    8.79395e-06    8.05127e-06
0.502    0.000194204    8.84602e-06    7.54265e-06
0.503    0.000196356    1.00672e-05    7.28725e-06
0.504    0.000198934    1.20342e-05    7.33864e-06
0.505    0.000202218    1.4274e-05    7.55771e-06
0.506    0.000206342    1.63323e-05    7.79569e-06
0.507    0.000211238    1.77953e-05    8.05976e-06
0.508    0.000216637    1.83912e-05    8.42197e-06
0.509    0.000222171    1.80935e-05    8.80406e-06
0.51    0.000227514    1.71112e-05    9.01826e-06
0.511    0.000232472    1.57553e-05    9.03117e-06
0.512    0.000236967    1.42904e-05    9.03762e-06
0.513    0.000240982    1.28748e-05    9.19234e-06
0.514    0.000244533    1.15882e-05    9.3732e-06
0.515    0.000247657    1.04754e-05    9.37531e-06
0.516    0.000250411    9.57444e-06    9.25237e-06
0.517    0.000252856    8.98001e-06    9.36248e-06
0.518    0.000255097    8.9774e-06    1.00494e-05
0.519    0.000257372    1.01174e-05    1.13405e-05
0.52    0.000260212    1.29363e-05    1.30795e-05
0.521    0.000264599    1.74268e-05    1.51379e-05
0.522    0.000271796    2.25404e-05    1.72236e-05
0.523    0.000282153    2.5949e-05    1.8524e-05
0.524    0.000293598    2.56447e-05    1.81946e-05
0.525    0.000303125    2.24865e-05    1.647e-05
0.526    0.000309791    1.91474e-05    1.43522e-05
0.527    0.000314512    1.73063e-05    1.25346e-05
0.528    0.000318442    1.70578e-05    1.1233e-05
0.529    0.000322347    1.78317e-05    1.04734e-05
0.53    0.00032666    1.91673e-05    1.02354e-05
0.531    0.000331656    2.08754e-05    1.04515e-05
0.532    0.000337565    2.29056e-05    1.09753e-05
0.533    0.000344591    2.51482e-05    1.15888e-05
0.534    0.000352815    2.72747e-05    1.20715e-05
0.535    0.000362015    2.87621e-05    1.22916e-05
0.536    0.000371592    2.91671e-05    1.22364e-05
0.537    0.000380778    2.84372e-05    1.19833e-05
0.538    0.000389017    2.69451e-05    1.16895e-05
0.539    0.000396175    2.52557e-05    1.15619e-05
0.54    0.000402495    2.39008e-05    1.17401e-05
0.541    0.000408447    2.32862e-05    1.22105e-05
0.542    0.000414603    2.36184e-05    1.28664e-05
0.543    0.000421505    2.47671e-05    1.36377e-05
0.544    0.000429454    2.62151e-05    1.45199e-05
0.545    0.00043829    2.73365e-05    1.54507e-05
0.546    0.00044745    2.79307e-05    1.62567e-05
0.547    0.000456427    2.85091e-05    1.68609e-05
0.548    0.000465247    2.99488e-05    1.7405e-05
0.549    0.000474525    3.27862e-05    1.80287e-05
0.55    0.00048514    3.67467e-05    1.86599e-05
0.551    0.000497714    4.07809e-05    1.91276e-05
0.552    0.000512077    4.35605e-05    1.93644e-05
0.553    0.000527163    4.42848e-05    1.93677e-05
0.554    0.000541654    4.32233e-05    1.90878e-05
0.555    0.000554813    4.13948e-05    1.85392e-05
0.556    0.000566703    3.9765e-05    1.79004e-05
0.557    0.00057782    3.87789e-05    1.73929e-05
0.558    0.000588692    3.84183e-05    1.71385e-05
0.559    0.000599676    3.84727e-05    1.71473e-05
0.56    0.00061094    3.87538e-05    1.73743e-05
0.561    0.000622529    3.91771e-05    1.77333e-05
0.562    0.000634436    3.9725e-05    1.80791e-05
0.563    0.000646623    4.03417e-05    1.8247e-05
0.564    0.000658977    4.08653e-05    1.81648e-05
0.565    0.000671271    4.1099e-05    1.7945e-05
0.566    0.000683223    4.10011e-05    1.78477e-05
0.567    0.000694669    4.08482e-05    1.81204e-05
0.568    0.000705766    4.12385e-05    1.88579e-05
0.569    0.000717101    4.28851e-05    1.9993e-05
0.57    0.000729659    4.61866e-05    2.13674e-05
0.571    0.000744548    5.07104e-05    2.27987e-05
0.572    0.00076236    5.50307e-05    2.4108e-05
0.573    0.000782432    5.74199e-05    2.50661e-05
0.574    0.000802906    5.71718e-05    2.53584e-05
0.575    0.000821958    5.51824e-05    2.48071e-05
0.576    0.000838919    5.29966e-05    2.36258e-05
0.577    0.000854166    5.156e-05    2.23028e-05
0.578    0.000868409    5.09598e-05    2.12676e-05
0.579    0.000882208    5.09138e-05    2.07e-05
0.58    0.0008959    5.12572e-05    2.05975e-05
0.581    0.000909734    5.2155e-05    2.09566e-05
0.582    0.000924071    5.40969e-05    2.18487e-05
0.583    0.000939549    5.76941e-05    2.33155e-05
0.584    0.000957141    6.32165e-05    2.52061e-05
0.585    0.000977936    6.99904e-05    2.71443e-05
0.586    0.00100248    7.61442e-05    2.86853e-05
0.587    0.00102987    7.9301e-05    2.95169e-05
0.588    0.0010577    7.81491e-05    2.95298e-05
0.589    0.00108332    7.35304e-05    2.88133e-05
0.59    0.0011054    6.78004e-05    2.76934e-05
0.591    0.00112431    6.32522e-05    2.66479e-05
0.592    0.00114129    6.113e-05    2.60435e-05
0.593    0.00115777    6.15961e-05    2.59647e-05
0.594    0.00117494    6.41741e-05    2.63227e-05
0.595    0.00119368    6.81921e-05    2.70769e-05
0.596    0.00121448    7.3049e-05    2.82565e-05
0.597    0.00123756    7.83123e-05    2.97399e-05
0.598    0.00126293    8.36358e-05    3.11419e-05
0.599    0.00129045    8.85402e-05    3.20441e-05
0.6    0.00131972    9.23066e-05    3.22804e-05
0.601    0.00134989    9.42321e-05    3.19521e-05
0.602    0.0013798    9.41281e-05    3.12665e-05
0.603    0.00140841    9.26033e-05    3.0455e-05
0.604    0.00143527    9.08662e-05    2.97778e-05
0.605    0.00146072    9.02411e-05    2.94808e-05
0.606    0.00148575    9.17345e-05    2.97056e-05
0.607    0.00151175    9.57439e-05    3.04409e-05
0.608    0.00154019    0.000101834    3.1532e-05
0.609    0.00157211    0.000108631    3.27197e-05
0.61    0.00160759    0.000114124    3.37222e-05
0.611    0.00164531    0.000116555    3.43574e-05
0.612    0.00168308    0.000115507    3.46017e-05
0.613    0.00171896    0.000112238    3.45336e-05
0.614    0.00175228    0.000108894    3.42891e-05
0.615    0.00178364    0.000107328    3.40884e-05
0.616    0.00181437    0.000108411    3.42126e-05
0.617    0.00184593    0.000112048    3.4856e-05
0.618    0.00187955    0.000117539    3.5977e-05
0.619    0.00191599    0.000123888    3.73076e-05
0.62    0.00195544    0.000129997    3.85163e-05
0.621    0.00199741    0.000134907    3.93794e-05
0.622    0.00204086    0.000138157    3.98556e-05
0.623    0.00208467    0.000140056    4.00558e-05
0.624    0.00212811    0.000141547    4.01419e-05
0.625    0.00217118    0.000143648    4.02177e-05
0.626    0.00221447    0.000146814    4.02869e-05
0.627    0.00225875    0.000150708    4.03245e-05
0.628    0.00230445    0.000154517    4.03898e-05
0.629    0.00235149    0.000157613    4.06269e-05
0.63    0.00239946    0.000160054    4.10996e-05
0.631    0.00244805    0.000162512    4.16604e-05
0.632    0.00249734    0.000165637    4.20752e-05
0.633    0.00254769    0.00016943    4.22874e-05
0.634    0.00259932    0.000173243    4.25043e-05
0.635    0.00265212    0.000176441    4.29865e-05
0.636    0.00270578    0.000179054    4.37755e-05
0.637    0.0027602    0.000181814    4.46782e-05
0.638    0.00281576    0.00018553    4.5479e-05
0.639    0.00287307    0.000190369    4.6095e-05
0.64    0.00293254    0.000195729    4.65682e-05
0.641    0.00299394    0.000200804    4.69599e-05
0.642    0.00305661    0.000205257    4.7244e-05
0.643    0.00311983    0.000209392    4.73308e-05
0.644    0.00318334    0.000213733    4.72258e-05
0.645    0.00324737    0.000218559    4.71071e-05
0.646    0.0033124    0.000223796    4.71946e-05
0.647    0.00337892    0.000229212    4.7576e-05
0.648    0.0034473    0.000234627    4.82064e-05
0.649    0.00351779    0.000239986    4.9046e-05
0.65    0.00359056    0.00024532    5.01123e-05
0.651    0.00366577    0.000250663    5.13402e-05
0.652    0.00374343    0.000255857    5.24526e-05
0.653    0.00382325    0.000260348    5.31063e-05
0.654    0.0039043    0.00026325    5.32117e-05
0.655    0.00398507    0.000263884    5.305e-05
0.656    0.00406395    0.000262499    5.30516e-05
0.657    0.00414016    0.000260545    5.35244e-05
0.658    0.00421435    0.000260246    5.46003e-05
0.659    0.00428873    0.000263689    5.62956e-05
0.66    0.00436648    0.000271788    5.84991e-05
0.661    0.00445064    0.000283501    6.09313e-05
0.662    0.00454268    0.000295926    6.3203e-05
0.663    0.00464127    0.000305764    6.49243e-05
0.664    0.00474278    0.000311466    6.57449e-05
0.665    0.00484326    0.00031415    6.54559e-05
0.666    0.00494061    0.000316353    6.42425e-05
0.667    0.00503504    0.000320124    6.27426e-05
0.668    0.00512823    0.000326316    6.16854e-05
0.669    0.00522237    0.000335026    6.14354e-05
0.67    0.00531962    0.000346035    6.18672e-05
0.671    0.00542177    0.000358679    6.25941e-05
0.672    0.00552977    0.000371546    6.32829e-05
0.673    0.00564324    0.000382771    6.38505e-05
0.674    0.0057604    0.000391175    6.44615e-05
0.675    0.00587912    0.000397481    6.53518e-05
0.676    0.0059984    0.00040437    6.66085e-05
0.677    0.0061194    0.000414894    6.80626e-05
0.678    0.00624502    0.000430166    6.93911e-05
0.679    0.00637808    0.000448056    7.03797e-05
0.68    0.00651924    0.000464212    7.11114e-05
0.681    0.0066661    0.000475071    7.18375e-05
0.682    0.00681465    0.000480592    7.26191e-05
0.683    0.00696197    0.000484253    7.31969e-05
0.684    0.00710801    0.000490178    7.3293e-05
0.685    0.00725491    0.00050009    7.29896e-05
0.686    0.007405    0.000512739    7.27686e-05
0.687    0.00755936    0.000525856    7.31404e-05
0.688    0.00771777    0.000538499    7.41957e-05
0.689    0.00787998    0.000551685    7.55457e-05
0.69    0.0080467    0.000566991    7.66949e-05
0.691    0.00821933    0.000584611    7.74462e-05
0.692    0.00839874    0.000602853    7.79844e-05
0.693    0.0085843    0.00061954    7.85901e-05
0.694    0.00877414    0.000633882    7.92934e-05
0.695    0.00896654    0.000646967    7.98762e-05
0.696    0.00916106    0.000660434    8.0165e-05
0.697    0.00935843    0.000674655    8.0189e-05
0.698    0.00955931    0.000687979    8.00719e-05
0.699    0.00976299    0.000697432    7.98799e-05
0.7    0.00996688    0.000700143    7.96266e-05
0.701    0.010167    0.000694462    7.93752e-05
0.702    0.0103591    0.000680219    7.92788e-05
0.703    0.0105394    0.000658251    7.95904e-05
0.704    0.0107053    0.000629768    8.08073e-05
0.705    0.010855    0.000596017    8.38327e-05
0.706    0.0109875    0.00055829    8.98176e-05
0.707    0.0111025    0.00051805    9.97904e-05
0.708    0.0112005    0.000476927    0.000114813
0.709    0.0112827    0.00043655    0.000137141
0.71    0.0113506    0.000398318    0.000172109
0.711    0.0114064    0.000363236    0.000230236
0.712    0    inf    inf
0.713    0    inf    inf
0.714    0    inf    inf
0.715    0    inf    inf
0.716    0    inf    inf
0.717    0    inf    inf
0.718    0    inf    inf
0.719    0    inf    inf
0.72    0    inf    inf
0.721    0    inf    inf
0.722    0    inf    inf
0.723    0    inf    inf
0.724    0    inf    inf
0.725    0    inf    inf
0.726    0    inf    inf
0.727    0    inf    inf
0.728    0    inf    inf
0.729    0    inf    inf
0.73    0    inf    inf
0.731    0    inf    inf
0.732    0    inf    inf
0.733    0    inf    inf
0.734    0    inf    inf
0.735    0    inf    inf
0.736    0    inf    inf
0.737    0    inf    inf
0.738    0    inf    inf
0.739    0    inf    inf
0.74    0    inf    inf
0.741    0    inf    inf
0.742    0    inf    inf
0.743    0    inf    inf
0.744    0    inf    inf
0.745    0    inf    inf
0.746    0    inf    inf
0.747    0    inf    inf
0.748    0    inf    inf
0.749    0    inf    inf
0.75    0    inf    inf
0.751    0    inf    inf
0.752    0    inf    inf
0.753    0    inf    inf
0.754    0    inf    inf
0.755    0    inf    inf
0.756    0    inf    inf
0.757    0    inf    inf
0.758    0    inf    inf
0.759    0    inf    inf
0.76    0    inf    inf
0.761    0    inf    inf
0.762    0    inf    inf
0.763    0    inf    inf
0.764    0    inf    inf
0.765    0    inf    inf
0.766    0    inf    inf
0.767    0    inf    inf
0.768    0    inf    inf
0.769    0    inf    inf
0.77    0    inf    inf
0.771    0    inf    inf
0.772    0    inf    inf
0.773    0    inf    inf
0.774    0    inf    inf
0.775    0    inf    inf
0.776    0    inf    inf
0.777    0    inf    inf
0.778    0    inf    inf
0.779    0    inf    inf
0.78    0    inf    inf
0.781    0    inf    inf
0.782    0    inf    inf
0.783    0    inf    inf
0.784    0    inf    inf
0.785    0    inf    inf
0.786    0    inf    inf
0.787    0    inf    inf
0.788    0    inf    inf
0.789    0    inf    inf
0.79    0    inf    inf
0.791    0    inf    inf
0.792    0    inf    inf
0.793    0    inf    inf
0.794    0    inf    inf
0.795    0    inf    inf
0.796    0    inf    inf
0.797    0    inf    inf
0.798    0    inf    inf
0.799    0    inf    inf
0.8    0    inf    inf
0.801    0    inf    inf
0.802    0    inf    inf
0.803    0    inf    inf
0.804    0    inf    inf
0.805    0    inf    inf
0.806    0    inf    inf
0.807    0    inf    inf
0.808    0    inf    inf
0.809    0    inf    inf
0.81    0    inf    inf
0.811    0    inf    inf
0.812    0    inf    inf
0.813    0    inf    inf
0.814    0    inf    inf
0.815    0    inf    inf
0.816    0    inf    inf
0.817    0    inf    inf
0.818    0    inf    inf
0.819    0    inf    inf
0.82    0    inf    inf
0.821    0    inf    inf
0.822    0    inf    inf
0.823    0    inf    inf
0.824    0    inf    inf
0.825    0    inf    inf
0.826    0    inf    inf
0.827    0    inf    inf
0.828    0    inf    inf
0.829    0    inf    inf
0.83    0    inf    inf
0.831    0    inf    inf
0.832    0    inf    inf
0.833    0    inf    inf
0.834    0    inf    inf
0.835    0    inf    inf
0.836    0    inf    inf
0.837    0    inf    inf
0.838    0    inf    inf
0.839    0    inf    inf
0.84    0    inf    inf
0.841    0    inf    inf
0.842    0    inf    inf
0.843    0    inf    inf
0.844    0    inf    inf
0.845    0    inf    inf
0.846    0    inf    inf
0.847    0    inf    inf
0.848    0    inf    inf
0.849    0    inf    inf
0.85    0    inf    inf
0.851    0    inf    inf
0.852    0    inf    inf
0.853    0    inf    inf
0.854    0    inf    inf
0.855    0    inf    inf
0.856    0    inf    inf
0.857    0    inf    inf
0.858    0    inf    inf
0.859    0    inf    inf
0.86    0    inf    inf
0.861    0    inf    inf
0.862    0    inf    inf
0.863    0    inf    inf
0.864    0    inf    inf
0.865    0    inf    inf
0.866    0    inf    inf
0.867    0    inf    inf
0.868    0    inf    inf
0.869    0    inf    inf
0.87    0    inf    inf
0.871    0    inf    inf
0.872    0    inf    inf
0.873    0    inf    inf
0.874    0    inf    inf
0.875    0    inf    inf
0.876    0    inf    inf
0.877    0    inf    inf
0.878    0    inf    inf
0.879    0    inf    inf
0.88    0    inf    inf
0.881    0    inf    inf
0.882    0    inf    inf
0.883    0    inf    inf
0.884    0    inf    inf
0.885    0    inf    inf
0.886    0    inf    inf
0.887    0    inf    inf
0.888    0    inf    inf
0.889    0    inf    inf
0.89    0    inf    inf
0.891    0    inf    inf
0.892    0    inf    inf
0.893    0    inf    inf
0.894    0    inf    inf
0.895    0    inf    inf
0.896    0    inf    inf
0.897    0    inf    inf
0.898    0    inf    inf
0.899    0    inf    inf
0.9    0    inf    inf
0.901    0    inf    inf
0.902    0    inf    inf
0.903    0    inf    inf
0.904    0    inf    inf
0.905    0    inf    inf
0.906    0    inf    inf
0.907    0    inf    inf
0.908    0    inf    inf
0.909    0    inf    inf
0.91    0    inf    inf
0.911    0    inf    inf
0.912    0    inf    inf
0.913    0    inf    inf
0.914    0    inf    inf
0.915    0    inf    inf
0.916    0    inf    inf
0.917    0    inf    inf
0.918    0    inf    inf
0.919    0    inf    inf
0.92    0    inf    inf
0.921    0    inf    inf
0.922    0    inf    inf
0.923    0    inf    inf
0.924    0    inf    inf
0.925    0    inf    inf
0.926    0    inf    inf
0.927    0    inf    inf
0.928    0    inf    inf
0.929    0    inf    inf
0.93    0    inf    inf
0.931    0    inf    inf
0.932    0    inf    inf
0.933    0    inf    inf
0.934    0    inf    inf
0.935    0    inf    inf
0.936    0    inf    inf
0.937    0    inf    inf
0.938    0    inf    inf
0.939    0    inf    inf
0.94    0    inf    inf
0.941    0    inf    inf
0.942    0    inf    inf
0.943    0    inf    inf
0.944    0    inf    inf
0.945    0    inf    inf
0.946    0    inf    inf
0.947    0    inf    inf
0.948    0    inf    inf
0.949    0    inf    inf
0.95    0    inf    inf
0.951    0    inf    inf
0.952    0    inf    inf
0.953    0    inf    inf
0.954    0    inf    inf
0.955    0    inf    inf
0.956    0    inf    inf
0.957    0    inf    inf
0.958    0    inf    inf
0.959    0    inf    inf
0.96    0    inf    inf
0.961    0    inf    inf
0.962    0    inf    inf
0.963    0    inf    inf
0.964    0    inf    inf
0.965    0    inf    inf
0.966    0    inf    inf
0.967    0    inf    inf
0.968    0    inf    inf
0.969    0    inf    inf
0.97    0    inf    inf
0.971    0    inf    inf
0.972    0    inf    inf
0.973    0    inf    inf
0.974    0    inf    inf
0.975    0    inf    inf
0.976    0    inf    inf
0.977    0    inf    inf
0.978    0    inf    inf
0.979    0    inf    inf
0.98    0    inf    inf
0.981    0    inf    inf
0.982    0    inf    inf
0.983    0    inf    inf
0.984    0    inf    inf
0.985    0    inf    inf
0.986    0    inf    inf
0.987    0    inf    inf
0.988    0    inf    inf
0.989    0    inf    inf
0.99    0    inf    inf
0.991    0    inf    inf
0.992    0    inf    inf
0.993    0    inf    inf
0.994    0    inf    inf
0.995    0    inf    inf
0.996    0    inf    inf
0.997    0    inf    inf
0.998    0    inf    inf
0.999    0    inf    inf
1    0    inf    inf
1.001    0    inf    inf
1.002    0    inf    inf
1.003    0    inf    inf
1.004    0    inf    inf
1.005    0    inf    inf
1.006    0    inf    inf
1.007    0    inf    inf
1.008    0    inf    inf
1.009    0    inf    inf
1.01    0    inf    inf
1.011    0    inf    inf
1.012    0    inf    inf
1.013    0    inf    inf
1.014    0    inf    inf
1.015    0    inf    inf
1.016    0    inf    inf
1.017    0    inf    inf
1.018    0    inf    inf
1.019    0    inf    inf
1.02    0    inf    inf
1.021    0    inf    inf
1.022    0    inf    inf
1.023    0    inf    inf
1.024    0    inf    inf
1.025    0    inf    inf
1.026    0    inf    inf
1.027    0    inf    inf
1.028    0    inf    inf
1.029    0    inf    inf
1.03    0    inf    inf
1.031    0    inf    inf
1.032    0    inf    inf
1.033    0    inf    inf
1.034    0    inf    inf
1.035    0    inf    inf
1.036    0    inf    inf
1.037    0    inf    inf
1.038    0    inf    inf
1.039    0    inf    inf
1.04    0    inf    inf
1.041    0    inf    inf
1.042    0    inf    inf
1.043    0    inf    inf
1.044    0    inf    inf
1.045    0    inf    inf
1.046    0    inf    inf
1.047    0    inf    inf
1.048    0    inf    inf
1.049    0    inf    inf
1.05    0    inf    inf
1.051    0    inf    inf
1.052    0    inf    inf
1.053    0    inf    inf
1.054    0    inf    inf
1.055    0    inf    inf
1.056    0    inf    inf
1.057    0    inf    inf
1.058    0    inf    inf
1.059    0    inf    inf
1.06    0    inf    inf
1.061    0    inf    inf
1.062    0    inf    inf
1.063    0    inf    inf
1.064    0    inf    inf
1.065    0    inf    inf
1.066    0    inf    inf
1.067    0    inf    inf
1.068    0    inf    inf
1.069    0    inf    inf
1.07    0    inf    inf
1.071    0    inf    inf
1.072    0    inf    inf
1.073    0    inf    inf
1.074    0    inf    inf
1.075    0    inf    inf
1.076    0    inf    inf
1.077    0    inf    inf
1.078    0    inf    inf
1.079    0    inf    inf
1.08    0    inf    inf
1.081    0    inf    inf
1.082    0    inf    inf
1.083    0    inf    inf
1.084    0    inf    inf
1.085    0    inf    inf
1.086    0    inf    inf
1.087    0    inf    inf
1.088    0    inf    inf
1.089    0    inf    inf
1.09    0    inf    inf
1.091    0    inf    inf
1.092    0    inf    inf
1.093    0    inf    inf
1.094    0    inf    inf
1.095    0    inf    inf
1.096    0    inf    inf
1.097    0    inf    inf
1.098    0    inf    inf
1.099    0    inf    inf
1.1    0    inf    inf
1.101    0    inf    inf
1.102    0    inf    inf
1.103    0    inf    inf
1.104    0    inf    inf
1.105    0    inf    inf
1.106    0    inf    inf
1.107    0    inf    inf
1.108    0    inf    inf
1.109    0    inf    inf
1.11    0    inf    inf
1.111    0    inf    inf
1.112    0    inf    inf
1.113    0    inf    inf
1.114    0    inf    inf
1.115    0    inf    inf
1.116    0    inf    inf
1.117    0    inf    inf
1.118    0    inf    inf
1.119    0    inf    inf
1.12    0    inf    inf
1.121    0    inf    inf
1.122    0    inf    inf
1.123    0    inf    inf
1.124    0    inf    inf
1.125    0    inf    inf
1.126    0    inf    inf
1.127    0    inf    inf
1.128    0    inf    inf
1.129    0    inf    inf
1.13    0    inf    inf
1.131    0    inf    inf
1.132    0    inf    inf
1.133    0    inf    inf
1.134    0    inf    inf
1.135    0    inf    inf
1.136    0    inf    inf
1.137    0    inf    inf
1.138    0    inf    inf
1.139    0    inf    inf
1.14    0    inf    inf
1.141    0    inf    inf
1.142    0    inf    inf
1.143    0    inf    inf
1.144    0    inf    inf
1.145    0    inf    inf
1.146    0    inf    inf
1.147    0    inf    inf
1.148    0    inf    inf
1.149    0    inf    inf
1.15    0    inf    inf
1.151    0    inf    inf
1.152    0    inf    inf
1.153    0    inf    inf
1.154    0    inf    inf
1.155    0    inf    inf
1.156    0    inf    inf
1.157    0    inf    inf
1.158    0    inf    inf
1.159    0    inf    inf
1.16    0    inf    inf
1.161    0    inf    inf
1.162    0    inf    inf
1.163    0    inf    inf
1.164    0    inf    inf
1.165    0    inf    inf
1.166    0    inf    inf
1.167    0    inf    inf
1.168    0    inf    inf
1.169    0    inf    inf
1.17    0    inf    inf
1.171    0    inf    inf
1.172    0    inf    inf
1.173    0    inf    inf
1.174    0    inf    inf
1.175    0    inf    inf
1.176    0    inf    inf
1.177    0    inf    inf
1.178    0    inf    inf
1.179    0    inf    inf
1.18    0    inf    inf
1.181    0    inf    inf
1.182    0    inf    inf
1.183    0    inf    inf
1.184    0    inf    inf
1.185    0    inf    inf
1.186    0    inf    inf
1.187    0    inf    inf
1.188    0    inf    inf
1.189    0    inf    inf
1.19    0    inf    inf
1.191    0    inf    inf
1.192    0    inf    inf
1.193    0    inf    inf
1.194    0    inf    inf
1.195    0    inf    inf
1.196    0    inf    inf
1.197    0    inf    inf
1.198    0    inf    inf
1.199    0    inf    inf
1.2    0    inf    inf
1.201    0    inf    inf
1.202    0    inf    inf
1.203    0    inf    inf
1.204    0    inf    inf
1.205    0    inf    inf
1.206    0    inf    inf
1.207    0    inf    inf
1.208    0    inf    inf
1.209    0    inf    inf
1.21    0    inf    inf
1.211    0    inf    inf
1.212    0    inf    inf
1.213    0    inf    inf
1.214    0    inf    inf
1.215    0    inf    inf
1.216    0    inf    inf
1.217    0    inf    inf
1.218    0    inf    inf
1.219    0    inf    inf
1.22    0    inf    inf
1.221    0    inf    inf
1.222    0    inf    inf
1.223    0    inf    inf
1.224    0    inf    inf
1.225    0    inf    inf
1.226    0    inf    inf
1.227    0    inf    inf
1.228    0    inf    inf
1.229    0    inf    inf
1.23    0    inf    inf
1.231    0    inf    inf
1.232    0    inf    inf
1.233    0    inf    inf
1.234    0    inf    inf
1.235    0    inf    inf
1.236    0    inf    inf
1.237    0    inf    inf
1.238    0    inf    inf
1.239    0    inf    inf
1.24    0    inf    inf
1.241    0    inf    inf
1.242    0    inf    inf
1.243    0    inf    inf
1.244    0    inf    inf
1.245    0    inf    inf
1.246    0    inf    inf
1.247    0    inf    inf
1.248    0    inf    inf
1.249    0    inf    inf
1.25    0    inf    inf
1.251    0    inf    inf
1.252    0    inf    inf
1.253    0    inf    inf
1.254    0    inf    inf
1.255    0    inf    inf
1.256    0    inf    inf
1.257    0    inf    inf
1.258    0    inf    inf
1.259    0    inf    inf
1.26    0    inf    inf
1.261    0    inf    inf
1.262    0    inf    inf
1.263    0    inf    inf
1.264    0    inf    inf
1.265    0    inf    inf
1.266    0    inf    inf
1.267    0    inf    inf
1.268    0    inf    inf
1.269    0    inf    inf
1.27    0    inf    inf
1.271    0    inf    inf
1.272    0    inf    inf
1.273    0    inf    inf
1.274    0    inf    inf
1.275    0    inf    inf
1.276    0    inf    inf
1.277    0    inf    inf
1.278    0    inf    inf
1.279    0    inf    inf
1.28    0    inf    inf
1.281    0    inf    inf
1.282    0    inf    inf
1.283    0    inf    inf
1.284    0    inf    inf
1.285    0    inf    inf
1.286    0    inf    inf
1.287    0    inf    inf
1.288    0    inf    inf
1.289    0    inf    inf
1.29    0    inf    inf
1.291    0    inf    inf
1.292    0    inf    inf
1.293    0    inf    inf
1.294    0    inf    inf
1.295    0    inf    inf
1.296    0    inf    inf
1.297    0    inf    inf
1.298    0    inf    inf
1.299    0    inf    inf
1.3    0    inf    inf
1.301    0    inf    inf
1.302    0    inf    inf
1.303    0    inf    inf
1.304    0    inf    inf
1.305    0    inf    inf
1.306    0    inf    inf
1.307    0    inf    inf
1.308    0    inf    inf
1.309    0    inf    inf
1.31    0    inf    inf
1.311    0    inf    inf
1.312    0    inf    inf
1.313    0    inf    inf
1.314    0    inf    inf
1.315    0    inf    inf
1.316    0    inf    inf
1.317    0    inf    inf
1.318    0    inf    inf
1.319    0    inf    inf
1.32    0    inf    inf
1.321    0    inf    inf
1.322    0    inf    inf
1.323    0    inf    inf
1.324    0    inf    inf
1.325    0    inf    inf
1.326    0    inf    inf
1.327    0    inf    inf
1.328    0    inf    inf
1.329    0    inf    inf
1.33    0    inf    inf
1.331    0    inf    inf
1.332    0    inf    inf
1.333    0    inf    inf
1.334    0    inf    inf
1.335    0    inf    inf
1.336    0    inf    inf
1.337    0    inf    inf
1.338    0    inf    inf
1.339    0    inf    inf
1.34    0    inf    inf
1.341    0    inf    inf
1.342    0    inf    inf
1.343    0    inf    inf
1.344    0    inf    inf
1.345    0    inf    inf
1.346    0    inf    inf
1.347    0    inf    inf
1.348    0    inf    inf
1.349    0    inf    inf
1.35    0    inf    inf
1.351    0    inf    inf
1.352    0    inf    inf
1.353    0    inf    inf
1.354    0    inf    inf
1.355    0    inf    inf
1.356    0    inf    inf
1.357    0    inf    inf
1.358    0    inf    inf
1.359    0    inf    inf
1.36    0    inf    inf
1.361    0    inf    inf
1.362    0    inf    inf
1.363    0    inf    inf
1.364    0    inf    inf
1.365    0    inf    inf
1.366    0    inf    inf
1.367    0    inf    inf
1.368    0    inf    inf
1.369    0    inf    inf
1.37    0    inf    inf
1.371    0    inf    inf
1.372    0    inf    inf
1.373    0    inf    inf
1.374    0    inf    inf
1.375    0    inf    inf
1.376    0    inf    inf
1.377    0    inf    inf
1.378    0    inf    inf
1.379    0    inf    inf
1.38    0    inf    inf
1.381    0    inf    inf
1.382    0    inf    inf
1.383    0    inf    inf
1.384    0    inf    inf
1.385    0    inf    inf
1.386    0    inf    inf
1.387    0    inf    inf
1.388    0    inf    inf
1.389    0    inf    inf
1.39    0    inf    inf
1.391    0    inf    inf
1.392    0    inf    inf
1.393    0    inf    inf
1.394    0    inf    inf
1.395    0    inf    inf
1.396    0    inf    inf
1.397    0    inf    inf
1.398    0    inf    inf
1.399    0    inf    inf
1.4    0    inf    inf
1.401    0    inf    inf
1.402    0    inf    inf
1.403    0    inf    inf
1.404    0    inf    inf
1.405    0    inf    inf
1.406    0    inf    inf
1.407    0    inf    inf
1.408    0    inf    inf
1.409    0    inf    inf
1.41    0    inf    inf
1.411    0    inf    inf
1.412    0    inf    inf
1.413    0    inf    inf
1.414    0    inf    inf
1.415    0    inf    inf
1.416    0    inf    inf
1.417    0    inf    inf
1.418    0    inf    inf
1.419    0    inf    inf
1.42    0    inf    inf
1.421    0    inf    inf
1.422    0    inf    inf
1.423    0    inf    inf
1.424    0    inf    inf
1.425    0    inf    inf
1.426    0    inf    inf
1.427    0    inf    inf
1.428    0    inf    inf
1.429    0    inf    inf
1.43    0    inf    inf
1.431    0    inf    inf
1.432    0    inf    inf
1.433    0    inf    inf
1.434    0    inf    inf
1.435    0    inf    inf
1.436    0    inf    inf
1.437    0    inf    inf
1.438    0    inf    inf
1.439    0    inf    inf
1.44    0    inf    inf
1.441    0    inf    inf
1.442    0    inf    inf
1.443    0    inf    inf
1.444    0    inf    inf
1.445    0    inf    inf
1.446    0    inf    inf
1.447    0    inf    inf
1.448    0    inf    inf
1.449    0    inf    inf
1.45    0    inf    inf
1.451    0    inf    inf
1.452    0    inf    inf
1.453    0    inf    inf
1.454    0    inf    inf
1.455    0    inf    inf
1.456    0    inf    inf
1.457    0    inf    inf
1.458    0    inf    inf
1.459    0    inf    inf
1.46    0    inf    inf
1.461    0    inf    inf
1.462    0    inf    inf
1.463    0    inf    inf
1.464    0    inf    inf
1.465    0    inf    inf
1.466    0    inf    inf
1.467    0    inf    inf
1.468    0    inf    inf
1.469    0    inf    inf
1.47    0    inf    inf
1.471    0    inf    inf
1.472    0    inf    inf
1.473    0    inf    inf
1.474    0    inf    inf
1.475    0    inf    inf
1.476    0    inf    inf
1.477    0    inf    inf
1.478    0    inf    inf
1.479    0    inf    inf
1.48    0    inf    inf
1.481    0    inf    inf
1.482    0    inf    inf
1.483    0    inf    inf
1.484    0    inf    inf
1.485    0    inf    inf
1.486    0    inf    inf
1.487    0    inf    inf
1.488    0    inf    inf
1.489    0    inf    inf
1.49    0    inf    inf
1.491    0    inf    inf
1.492    0    inf    inf
1.493    0    inf    inf
1.494    0    inf    inf
1.495    0    inf    inf
1.496    0    inf    inf
1.497    0    inf    inf
1.498    0    inf    inf
1.499    0    inf    inf
1.5    0    inf    inf
