# v_multimetro err_multimetro media_ard var_camp var_media media_ard var_camp var_media
0.0 0.0001 0.09  5.55  0.06  -4.91  3.63  0.04
0.1283 0.0006 162.34  4.09  0.04  156.78  2.74  0.03
0.252 0.002 327.62  3.80  0.04  320.44  2.65  0.03
0.345 0.002 446.32  4.27  0.04  439.67  2.94  0.03
0.457 0.002 585.01  4.01  0.04  579.12  2.85  0.03
0.532 0.003 677.97  3.58  0.04  672.66  2.72  0.03
0.660 0.003 834.38  4.62  0.05  830.38  3.49  0.03
0.764 0.004 959.42  4.74  0.05  956.28  3.61  0.04
0.836 0.004 1048.13  4.59  0.05  1045.42  3.50  0.03
1.051 0.005 1307.28  4.74  0.05  1306.73  3.72  0.04
1.221 0.006 1511.79  4.51  0.05  1512.92  3.80  0.04
1.475 0.007 1819.28  4.69  0.05  1822.53  3.83  0.04
1.752 0.009 2160.32  4.90  0.05  2165.78  3.83  0.04
1.989 0.010 2447.61  4.46  0.04  2455.24  3.47  0.03
2.50 0.016 3073.37  4.12  0.04  3086.84  3.05  0.03
2.99 0.018 3719.70  3.68  0.04  3738.14  2.66  0.03
3.21 0.019 4057.60  3.66  0.04  4065.79  2.84  0.03
#3.31 0.020 4095.00  1.00  0.01  4095.00  1.00  0.01