0.2    0    0    0
0.201    0    0    0
0.202    0    0    0
0.203    0    0    0
0.204    0    0    0
0.205    0    0    0
0.206    0    0    0
0.207    0    0    0
0.208    0    0    0
0.209    0.0205221    0    1.9707e+12
0.21    0.0207691    0.000899057    2.63757e+11
0.211    0.0207037    0.00111416    4.12921e+10
0.212    0.0207079    0.00115748    6.18313e+09
0.213    0.0207104    0.00119973    9.77622e+08
0.214    0.0207116    0.00124216    1.64314e+08
0.215    0.0207117    0.00128471    2.93853e+07
0.216    0.0207104    0.00132713    5.59066e+06
0.217    0.0207078    0.00136914    1.13115e+06
0.218    0.0207038    0.00141046    243304
0.219    0.0206986    0.0014508    55617
0.22    0.0206923    0.00148987    13507.1
0.221    0.0206851    0.00152741    3484.09
0.222    0.0206771    0.00156319    954.296
0.223    0.0206689    0.00159701    277.491
0.224    0.0206606    0.00162872    85.6463
0.225    0.0206527    0.00165825    28.0543
0.226    0.0206457    0.00168555    9.75145
0.227    0.0206398    0.00171065    3.59637
0.228    0.0206355    0.00173359    1.40706
0.229    0.0206332    0.0017545    0.583838
0.23    0.0206332    0.00177349    0.256775
0.231    0.0206357    0.0017907    0.11957
0.232    0.0206409    0.00180628    0.0588404
0.233    0.0206488    0.00182037    0.0305073
0.234    0.0206595    0.00183309    0.0165945
0.235    0.020673    0.00184455    0.00942058
0.236    0.020689    0.00185484    0.00555139
0.237    0.0207072    0.00186402    0.00338332
0.238    0.0207274    0.00187213    0.00213642
0.239    0.0207491    0.00187924    0.00141668
0.24    0.0207718    0.00188536    0.00101556
0.241    0.0207951    0.00189054    0.000811006
0.242    0.0208183    0.00189483    0.000720538
0.243    0.0208409    0.00189827    0.000689602
0.244    0.0208624    0.00190093    0.000691872
0.245    0.0208823    0.00190289    0.000727486
0.246    0.0209002    0.00190423    0.00082367
0.247    0.0209156    0.00190501    0.00103785
0.248    0.0209283    0.00190533    0.00145837
0.249    0.0209381    0.00190524    0.00221721
0.25    0.0209449    0.0019048    0.00354067
0.251    0.0209486    0.00190404    0.00585832
0.252    0.0209495    0.001903    0.010027
0.253    0.0209476    0.00190169    0.0178265
0.254    0.0209431    0.00190011    0.0331157
0.255    0.0209363    0.00189826    0.0646524
0.256    0.0209274    0.00189614    0.133276
0.257    0.0209168    0.00189374    0.291067
0.258    0.0209047    0.00189107    0.674903
0.259    0.0208914    0.00188813    1.66366
0.26    0.0208772    0.00188493    4.36318
0.261    0.0208624    0.00188149    12.1805
0.262    0.0208472    0.00187784    36.2083
0.263    0.0208317    0.00187399    114.644
0.264    0.0208162    0.00186998    386.728
0.265    0.0208007    0.00186584    1390.16
0.266    0.0207855    0.0018616    5326.16
0.267    0.0207707    0.0018573    21754
0.268    0.0207562    0.00185297    94735.7
0.269    0.0207422    0.00184864    439949
0.27    0.0207288    0.00184433    2.17906e+06
0.271    0.0207159    0.00184007    1.15124e+07
0.272    0.0207036    0.00183589    6.48858e+07
0.273    0.0206919    0.0018318    3.90175e+08
0.274    0.0206808    0.00182782    2.50168e+09
0.275    0.0206704    0.00182383    1.70477e+10
0.276    0.0206523    0.00181898    1.22035e+11
0.277    0.0205221    0.00175972    9.32952e+11
0.278    0    0    0
0.279    0    0    0
0.28    0    0    0
0.281    0    0    0
0.282    0    0    0
0.283    0    0    0
0.284    0    0    0
0.285    0    0    0
0.286    0    0    0
0.287    0    0    0
0.288    0    0    0
0.289    0    0    0
0.29    0    0    0
0.291    0    0    0
0.292    0    0    0
0.293    0    0    0
0.294    0    0    0
0.295    0    0    0
0.296    0    0    0
0.297    0    0    0
0.298    0    0    0
0.299    0    0    0
0.3    0    0    0
0.301    0    0    0
0.302    0    0    0
0.303    0    0    0
0.304    0    0    0
0.305    0    0    0
0.306    0    0    0
0.307    0    0    0
0.308    0    0    0
0.309    0    0    0
0.31    0    0    0
0.311    0    0    0
0.312    0    0    0
0.313    0    0    0
0.314    0    0    0
0.315    0    0    0
0.316    0    0    0
0.317    0    0    0
0.318    0    0    0
0.319    0    0    0
0.32    0    0    0
0.321    0    0    0
0.322    0    0    0
0.323    0    0    0
0.324    0    0    0
0.325    0    0    0
0.326    0.0205221    0    2.57456e+12
0.327    0.0205221    3.46945e-18    3.36715e+11
0.328    0.0205221    3.46945e-18    4.66458e+10
0.329    0.0205221    0    6.89823e+09
0.33    0.0205221    1.75035e-05    1.09011e+09
0.331    0.020522    2.43949e-05    1.83901e+08
0.332    0.0205219    3.0124e-05    3.31121e+07
0.333    0.0205218    3.69688e-05    6.36443e+06
0.334    0.0205216    4.53338e-05    1.30603e+06
0.335    0.0205213    5.56202e-05    286170
0.336    0.0205208    6.82774e-05    66960
0.337    0.0205202    8.38605e-05    16733.3
0.338    0.0205192    0.000103056    4466.85
0.339    0.0205176    0.00012671    1273.99
0.34    0.0205153    0.000155862    388.33
0.341    0.0205118    0.000191783    126.544
0.342    0.0205066    0.000236005    44.1
0.343    0.0204986    0.000290347    16.4406
0.344    0.0204865    0.0003569    6.55726
0.345    0.0204685    0.000437933    2.797
0.346    0.0204416    0.00053567    1.27436
0.347    0.0204022    0.000651802    0.618585
0.348    0.0203456    0.000786673    0.318498
0.349    0.0202671    0.000938096    0.172857
0.35    0.0201632    0.00110016    0.0981288
0.351    0.0200349    0.00126291    0.0577931
0.352    0.0198895    0.00141407    0.0350386
0.353    0.0197414    0.00154293    0.0217145
0.354    0.0196078    0.00164423    0.0136693
0.355    0.0195018    0.00171902    0.00869687
0.356    0.019429    0.00177222    0.00557888
0.357    0.0193878    0.00180948    0.00361434
0.358    0.0193724    0.00183541    0.00238254
0.359    0.0193761    0.00185319    0.00162244
0.36    0.0193931    0.00186484    0.00116737
0.361    0.0194187    0.00187156    0.00090674
0.362    0.0194499    0.00187401    0.000765107
0.363    0.0194843    0.00187252    0.000693852
0.364    0.0195203    0.00186725    0.000667142
0.365    0.0195567    0.00185829    0.0006769
0.366    0.0195925    0.00184578    0.000728756
0.367    0.019627    0.0018299    0.000841874
0.368    0.0196597    0.00181094    0.00105324
0.369    0.0196902    0.00178929    0.00142636
0.37    0.0197182    0.00176541    0.00206763
0.371    0.0197438    0.00173978    0.00316053
0.372    0.0197669    0.00171287    0.00503739
0.373    0.0197878    0.00168511    0.00832989
0.374    0.0198067    0.00165687    0.0142935
0.375    0.0198241    0.00162845    0.0255342
0.376    0.0198401    0.00160006    0.0477055
0.377    0.0198553    0.00157182    0.0936369
0.378    0.01987    0.00154383    0.193825
0.379    0.0198844    0.00151608    0.424301
0.38    0.019899    0.00148855    0.984121
0.381    0.0199138    0.0014612    2.42125
0.382    0.0199292    0.00143395    6.32349
0.383    0.0199452    0.00140671    17.5385
0.384    0.0199619    0.00137941    51.6752
0.385    0.0199794    0.00135196    161.783
0.386    0.0199976    0.0013243    538.322
0.387    0.0200166    0.00129637    1904.14
0.388    0.0200361    0.00126813    7161.3
0.389    0.0200561    0.00123956    28642.8
0.39    0.0200765    0.00121067    121860
0.391    0.0200971    0.00118146    551604
0.392    0.0201178    0.00115197    2.65712e+06
0.393    0.0201384    0.00112225    1.36243e+07
0.394    0.0201589    0.00109236    7.43769e+07
0.395    0.020179    0.00106236    4.32377e+08
0.396    0.0201988    0.00103204    2.67248e+09
0.397    0.0202185    0.00100064    1.75316e+10
0.398    0.0202389    0.000957373    1.21061e+11
0.399    0.0202992    0.00085719    8.46114e+11
0.4    0    0    0
0.401    0    0    0
0.402    0    0    0
0.403    0    0    0
0.404    0    0    0
0.405    0    0    0
0.406    0    0    0
0.407    0    0    0
0.408    0    0    0
0.409    0    0    0
0.41    0    0    0
0.411    0    0    0
0.412    0    0    0
0.413    0    0    0
0.414    0    0    0
0.415    0    0    0
0.416    0    0    0
0.417    0    0    0
0.418    0    0    0
0.419    0    0    0
0.42    0    0    0
0.421    0    0    0
0.422    0    0    0
0.423    0    0    0
0.424    0    0    0
0.425    0    0    0
0.426    0    0    0
0.427    0    0    0
0.428    0    0    0
0.429    0    0    0
0.43    0    0    0
0.431    0    0    0
0.432    0    0    0
0.433    0    0    0
0.434    0    0    0
0.435    0    0    0
0.436    0    0    0
0.437    0    0    0
0.438    0    0    0
0.439    0    0    0
0.44    0    0    0
0.441    0    0    0
0.442    0    0    0
0.443    0    0    0
0.444    0    0    0
0.445    0    0    0
0.446    0.0205221    0    9.58307e+11
0.447    0.0205221    3.46945e-18    1.29217e+11
0.448    0.0205221    0    1.84715e+10
0.449    0.0205216    6.33587e-05    2.84016e+09
0.45    0.0205213    7.46354e-05    4.65143e+08
0.451    0.0205211    8.84064e-05    8.13889e+07
0.452    0.0205207    0.0001033    1.51766e+07
0.453    0.0205202    0.000120709    3.02384e+06
0.454    0.0205195    0.00014106    643887
0.455    0.0205185    0.000164851    146562
0.456    0.0205173    0.00019266    35669.5
0.457    0.0205156    0.000225149    9283.91
0.458    0.0205134    0.000263077    2584.67
0.459    0.0205106    0.000307286    769.762
0.46    0.0205069    0.000358692    245.209
0.461    0.0205021    0.00041824    83.5131
0.462    0.0204962    0.000486819    30.3812
0.463    0.0204889    0.000565122    11.786
0.464    0.0204804    0.000653426    4.86301
0.465    0.0204711    0.000751298    2.12615
0.466    0.0204615    0.000857249    0.980143
0.467    0.0204531    0.000968462    0.473629
0.468    0.0204474    0.00108077    0.238424
0.469    0.0204464    0.00118906    0.124338
0.47    0.0204516    0.00128817    0.0669045
0.471    0.0204639    0.001374    0.0370652
0.472    0.0204828    0.00144431    0.0211228
0.473    0.0205074    0.00149896    0.0123716
0.474    0.0205359    0.00153944    0.00743323
0.475    0.0205669    0.00156821    0.00456963
0.476    0.020599    0.00158796    0.00287079
0.477    0.0206311    0.00160117    0.00185229
0.478    0.0206626    0.00160988    0.00125155
0.479    0.0206933    0.00161569    0.000919865
0.48    0.0207228    0.00161979    0.000759963
0.481    0.0207514    0.00162301    0.000697326
0.482    0.020779    0.00162597    0.000681784
0.483    0.020806    0.00162915    0.000693127
0.484    0.0208327    0.00163288    0.000740882
0.485    0.0208594    0.00163748    0.000866557
0.486    0.0208867    0.00164321    0.00114406
0.487    0.020915    0.00165032    0.00167746
0.488    0.0209451    0.00165906    0.00262529
0.489    0.0209776    0.00166966    0.00427477
0.49    0.0210131    0.00168231    0.00718811
0.491    0.0210526    0.00169714    0.0125081
0.492    0.0210967    0.0017142    0.0226459
0.493    0.0211462    0.00173342    0.0429044
0.494    0.0212018    0.00175459    0.0854672
0.495    0.0212641    0.00177731    0.17963
0.496    0.0213336    0.00180099    0.399201
0.497    0.0214105    0.00182489    0.939236
0.498    0.0214948    0.00184808    2.34097
0.499    0.0215862    0.00186955    6.18265
0.5    0.0216843    0.00188821    17.305
0.501    0.0217883    0.00190304    51.3378
0.502    0.021897    0.00191309    161.447
0.503    0.0220094    0.00191759    538.322
0.504    0.0221241    0.00191597    1903.66
0.505    0.0222396    0.00190793    7142.02
0.506    0.0223547    0.0018934    28438.6
0.507    0.0224681    0.00187255    120238
0.508    0.0225786    0.00184577    540035
0.509    0.0226853    0.00181359    2.57789e+06
0.51    0.0227875    0.00177665    1.30851e+07
0.511    0.0228845    0.00173566    7.06593e+07
0.512    0.0229761    0.00169135    4.06105e+08
0.513    0.0230622    0.00164427    2.48245e+09
0.514    0.0231485    0.00159045    1.59919e+10
0.515    0.0232753    0.00150058    1.0605e+11
0.516    0.0235618    0.00120763    7.54443e+11
0.517    0    0    0
0.518    0    0    0
0.519    0    0    0
0.52    0    0    0
0.521    0    0    0
0.522    0    0    0
0.523    0    0    0
0.524    0    0    0
0.525    0    0    0
0.526    0    0    0
0.527    0    0    0
0.528    0    0    0
0.529    0    0    0
0.53    0    0    0
0.531    0    0    0
0.532    0    0    0
0.533    0    0    0
0.534    0    0    0
0.535    0    0    0
0.536    0    0    0
0.537    0    0    0
0.538    0    0    0
0.539    0    0    0
0.54    0    0    0
0.541    0    0    0
0.542    0    0    0
0.543    0    0    0
0.544    0    0    0
0.545    0    0    0
0.546    0    0    0
0.547    0    0    0
0.548    0    0    0
0.549    0    0    0
0.55    0    0    0
0.551    0    0    0
0.552    0    0    0
0.553    0    0    0
0.554    0    0    0
0.555    0    0    0
0.556    0    0    0
0.557    0    0    0
0.558    0    0    0
0.559    0    0    0
0.56    0    0    0
0.561    0    0    0
0.562    0    0    0
0.563    0    0    0
0.564    0    0    0
0.565    0    0    0
0.566    0    0    0
0.567    0    0    0
0.568    0    0    0
0.569    0.0205221    0    2.70136e+12
0.57    0.0211295    0.00132992    3.56237e+11
0.571    0.0212017    0.00147357    5.16107e+10
0.572    0.0212602    0.00152726    7.92876e+09
0.573    0.0212984    0.00156282    1.23628e+09
0.574    0.021337    0.00159778    2.05143e+08
0.575    0.0213761    0.00163212    3.62517e+07
0.576    0.0214153    0.00166574    6.82097e+06
0.577    0.0214546    0.00169853    1.36614e+06
0.578    0.0214937    0.00173038    291173
0.579    0.0215324    0.00176118    66021.4
0.58    0.0215706    0.00179082    15920.7
0.581    0.021608    0.0018192    4081.78
0.582    0.0216445    0.00184621    1112.26
0.583    0.0216799    0.00187174    322.025
0.584    0.0217141    0.0018957    99.0297
0.585    0.0217469    0.001918    32.3369
0.586    0.0217781    0.00193858    11.2087
0.587    0.0218078    0.00195737    4.12289
0.588    0.0218359    0.00197436    1.60875
0.589    0.0218622    0.00198953    0.665613
0.59    0.0218868    0.00200292    0.291813
0.591    0.0219096    0.00201457    0.135407
0.592    0.0219307    0.00202458    0.0663763
0.593    0.0219501    0.00203305    0.0342734
0.594    0.0219678    0.00204012    0.0185649
0.595    0.0219838    0.00204594    0.0104949
0.596    0.0219983    0.00205067    0.00615787
0.597    0.0220113    0.00205447    0.0037345
0.598    0.0220229    0.0020575    0.00234268
0.599    0.0220334    0.0020599    0.00153893
0.6    0.0220427    0.0020618    0.00109074
0.601    0.022051    0.00206328    0.000863388
0.602    0.0220586    0.00206443    0.000764573
0.603    0.0220656    0.00206528    0.000731066
0.604    0.0220722    0.00206584    0.000731321
0.605    0.0220786    0.00206609    0.000764407
0.606    0.0220849    0.00206598    0.000860389
0.607    0.0220914    0.00206545    0.0010825
0.608    0.0220982    0.00206441    0.0015248
0.609    0.0221054    0.00206275    0.00232377
0.61    0.0221132    0.00206037    0.00371321
0.611    0.0221217    0.00205716    0.00613918
0.612    0.0221309    0.00205302    0.0104916
0.613    0.0221408    0.00204785    0.0186119
0.614    0.0221514    0.00204159    0.0344674
0.615    0.0221626    0.0020342    0.0669826
0.616    0.0221744    0.00202568    0.137163
0.617    0.0221865    0.00201604    0.296811
0.618    0.0221989    0.00200536    0.679943
0.619    0.0222113    0.00199374    1.65072
0.62    0.0222236    0.00198132    4.24963
0.621    0.0222355    0.00196826    11.6057
0.622    0.022247    0.00195475    33.6332
0.623    0.0222578    0.00194099    103.458
0.624    0.0222678    0.00192718    337.903
0.625    0.0222769    0.00191349    1172.18
0.626    0.0222851    0.00190012    4320.44
0.627    0.0222923    0.00188721    16925.8
0.628    0.0222986    0.00187488    70505
0.629    0.0223038    0.00186323    312396
0.63    0.0223082    0.00185234    1.47288e+06
0.631    0.0223117    0.00184224    7.39193e+06
0.632    0.0223145    0.00183295    3.95027e+07
0.633    0.0223165    0.00182448    2.2486e+08
0.634    0.0223179    0.00181679    1.36372e+09
0.635    0.0223187    0.00180973    8.7578e+09
0.636    0.0223242    0.00179919    5.83576e+10
0.637    0.0223403    0.00175875    4.08139e+11
0.638    0.0222819    0.00175972    3.18369e+12
0.639    0    0    0
0.64    0    0    0
0.641    0    0    0
0.642    0    0    0
0.643    0    0    0
0.644    0    0    0
0.645    0    0    0
0.646    0    0    0
0.647    0    0    0
0.648    0    0    0
0.649    0    0    0
0.65    0    0    0
0.651    0    0    0
0.652    0    0    0
0.653    0    0    0
0.654    0    0    0
0.655    0    0    0
0.656    0    0    0
0.657    0    0    0
0.658    0    0    0
0.659    0    0    0
0.66    0    0    0
0.661    0    0    0
0.662    0    0    0
0.663    0    0    0
0.664    0    0    0
0.665    0    0    0
0.666    0    0    0
0.667    0    0    0
0.668    0    0    0
0.669    0    0    0
0.67    0    0    0
0.671    0    0    0
0.672    0    0    0
0.673    0    0    0
0.674    0    0    0
0.675    0    0    0
0.676    0    0    0
0.677    0    0    0
0.678    0.0345999    0    1.24308e+12
0.679    0.0346493    0.000414174    1.77173e+11
0.68    0.0346614    0.000515224    2.62914e+10
0.681    0.0346722    0.000574475    4.18189e+09
0.682    0.0346837    0.000624675    6.97099e+08
0.683    0.0346967    0.000678249    1.23411e+08
0.684    0.0347115    0.000736019    2.33125e+07
0.685    0.0347282    0.000798119    4.69747e+06
0.686    0.0347469    0.000864613    1.00919e+06
0.687    0.0347677    0.000935468    231024
0.688    0.0347906    0.00101052    56312
0.689    0.0348155    0.00108945    14602.6
0.69    0.0348422    0.00117175    4024.54
0.691    0.0348703    0.00125667    1177.52
0.692    0.0348992    0.00134326    365.31
0.693    0.0349282    0.00143029    120.015
0.694    0.0349565    0.00151636    41.699
0.695    0.0349832    0.00159991    15.3037
0.696    0.0350072    0.00167931    5.9258
0.697    0.0350278    0.001753    2.41848
0.698    0.0350443    0.00181953    1.03943
0.699    0.0350564    0.00187777    0.47005
0.7    0.0350638    0.0019269    0.223446
0.701    0.0350669    0.00196649    0.11151
0.702    0.0350661    0.00199646    0.0583073
0.703    0.035062    0.00201709    0.0318547
0.704    0.0350555    0.0020289    0.0181135
0.705    0.0350472    0.00203259    0.0106726
0.706    0.0350378    0.00202897    0.00649067
0.707    0.035028    0.00201886    0.00407296
0.708    0.0350182    0.0020031    0.00266057
0.709    0.0350088    0.00198247    0.00185418
0.71    0.0350002    0.00195771    0.00142664
0.711    0.0349924    0.00192946    0.00122716
0.712    0.0349856    0.00189833    0.00114993
0.713    0.0349798    0.00186486    0.00113623
0.714    0.0349751    0.00182956    0.00117399
0.715    0.0349713    0.00179287    0.00129603
0.716    0.0349684    0.00175523    0.00158275
0.717    0.0349662    0.00171704    0.00216161
0.718    0.0349648    0.00167866    0.00321828
0.719    0.0349639    0.00164043    0.0050598
0.72    0.0349634    0.00160267    0.00825737
0.721    0.0349631    0.00156565    0.0139326
0.722    0.0349631    0.00152959    0.0243753
0.723    0.0349631    0.00149469    0.0444562
0.724    0.034963    0.00146108    0.0850064
0.725    0.0349628    0.00142887    0.171251
0.726    0.0349623    0.0013981    0.364814
0.727    0.0349616    0.00136878    0.82385
0.728    0.0349605    0.0013409    1.9753
0.729    0.034959    0.00131438    5.03306
0.73    0.0349571    0.00128916    13.6362
0.731    0.0349547    0.00126513    39.299
0.732    0.0349518    0.00124218    120.511
0.733    0.0349484    0.0012202    393.313
0.734    0.0349446    0.00119906    1366.49
0.735    0.0349402    0.00117865    5054.9
0.736    0.0349354    0.00115884    19912.9
0.737    0.0349301    0.00113953    83548
0.738    0.0349244    0.00112062    373403
0.739    0.0349182    0.00110201    1.77792e+06
0.74    0.0349116    0.00108361    9.01952e+06
0.741    0.0349046    0.00106536    4.87567e+07
0.742    0.0348973    0.00104718    2.80866e+08
0.743    0.0348896    0.00102902    1.72424e+09
0.744    0.0348817    0.00101076    1.12789e+10
0.745    0.0348728    0.000980568    7.67742e+10
0.746    0.0348566    0.000915147    5.53053e+11
0.747    0.0345999    0    4.98185e+12
0.748    0    0    0
0.749    0    0    0
0.75    0    0    0
0.751    0    0    0
0.752    0    0    0
0.753    0.0908489    0.000462866    8.85466e+11
0.754    0.0908344    0.000550746    1.23602e+11
0.755    0.0908271    0.000579828    1.81022e+10
0.756    0.0908197    0.000607487    2.81264e+09
0.757    0.0908119    0.000635635    4.66044e+08
0.758    0.0908035    0.000665148    8.24103e+07
0.759    0.0907944    0.000696113    1.55504e+07
0.76    0.0907845    0.000728582    3.13079e+06
0.761    0.0907738    0.000762606    672438
0.762    0.0907622    0.000798227    154049
0.763    0.0907497    0.000835487    37634.9
0.764    0.0907363    0.000874425    9802.71
0.765    0.0907219    0.000915081    2721.55
0.766    0.0907065    0.000957499    805.148
0.767    0.0906901    0.00100174    253.739
0.768    0.0906726    0.0010479    85.1532
0.769    0.0906542    0.00109613    30.4189
0.77    0.0906349    0.00114666    11.5615
0.771    0.0906149    0.00119986    4.67258
0.772    0.0905945    0.0012563    2.00636
0.773    0.0905739    0.00131684    0.914139
0.774    0.0905539    0.00138272    0.441074
0.775    0.0905354    0.00145572    0.224718
0.776    0.0905195    0.00153824    0.120416
0.777    0.0905083    0.00163346    0.0675513
0.778    0.0905046    0.00174534    0.0394928
0.779    0.0905124    0.00187853    0.0239954
0.78    0.0905371    0.00203804    0.015175
0.781    0.0905864    0.00222849    0.0100781
0.782    0.09067    0.00245295    0.00714277
0.783    0.0908    0.00271135    0.00547649
0.784    0.0909901    0.00299842    0.00452457
0.785    0.0912531    0.00330184    0.00394711
0.786    0.0915982    0.00360138    0.00357519
0.787    0.092026    0.0038702    0.00337159
0.788    0.0925249    0.00407942    0.00337499
0.789    0.0930704    0.00420511    0.00362525
0.79    0.0936293    0.00423522    0.00411765
0.791    0.0941669    0.00417274    0.00484342
0.792    0.0946552    0.00403368    0.00588415
0.793    0.0950774    0.00384114    0.0075082
0.794    0.0954282    0.00361898    0.0102559
0.795    0.0957106    0.00338743    0.0150385
0.796    0.0959329    0.00316122    0.0233779
0.797    0.096105    0.00294971    0.0380237
0.798    0.0962369    0.00275797    0.0643355
0.799    0.0963374    0.00258798    0.113346
0.8    0.0964138    0.00243974    0.208847
0.801    0.0964721    0.00231212    0.404571
0.802    0.096517    0.00220331    0.827755
0.803    0.096552    0.00211126    1.79483
0.804    0.09658    0.00203386    4.13341
0.805    0.0966031    0.00196906    10.1229
0.806    0.096623    0.00191525    26.3833
0.807    0.0966416    0.00188427    73.2402
0.808    0.0966834    0.0024007    217.95
0.809    0.0977834    0.010356    741.992
0.81    0.129302    0.0450942    2943.76
0.811    0.187592    0.018951    2089.52
0.812    0.191349    0.0036236    667.009
0.813    0.191383    0.00219322    219.821
0.814    0.191331    0.00217514    76.9664
0.815    0.191278    0.0021971    28.6232
0.816    0.191227    0.00221736    11.301
0.817    0.191178    0.00223486    4.73418
0.818    0.191131    0.00224948    2.10242
0.819    0.191087    0.00226119    0.988378
0.82    0.191047    0.00227    0.490761
0.821    0.191009    0.00227597    0.256506
0.822    0.190975    0.00227921    0.140483
0.823    0.190944    0.00227985    0.0801793
0.824    0.190917    0.00227808    0.047426
0.825    0.190892    0.00227409    0.0289702
0.826    0.19087    0.0022681    0.0183264
0.827    0.19085    0.00226033    0.0122063
0.828    0.190833    0.00225099    0.00885831
0.829    0.190818    0.0022403    0.00722337
0.83    0.190805    0.00222844    0.00655174
0.831    0.190793    0.00221559    0.00635448
0.832    0.190782    0.00220191    0.00643038
0.833    0.190772    0.00218752    0.00685614
0.834    0.190764    0.00217254    0.00799753
0.835    0.190757    0.00215705    0.010504
0.836    0.190751    0.00214115    0.0152848
0.837    0.190746    0.00212499    0.0237172
0.838    0.190743    0.00210952    0.0382756
0.839    0.190742    0.00210408    0.0637636
0.84    0.190748    0.0022019    0.10991
0.841    0.190804    0.00313559    0.19762
0.842    0.191339    0.00780673    0.377053
0.843    0.196442    0.0229044    0.7824
0.844    0.228426    0.0473917    1.47282
0.845    0.274785    0.0332211    1.29665
0.846    0.286287    0.0121122    0.702559
0.847    0.287504    0.0046078    0.370338
0.848    0.28753    0.00295526    0.20363
0.849    0.287435    0.00278564    0.116645
0.85    0.287325    0.00281362    0.069197
0.851    0.287212    0.00285774    0.0423864
0.852    0.287099    0.00289909    0.0269621
0.853    0.286985    0.0029357    0.018217
0.854    0.286873    0.00296795    0.0135919
0.855    0.286763    0.00299844    0.0114577
0.856    0.286656    0.00303715    0.0106549
0.857    0.286557    0.00311998    0.0105044
0.858    0.286477    0.00336827    0.0108382
0.859    0.286457    0.00413081    0.0120139
0.86    0.286648    0.00614109    0.0150041
0.861    0.287576    0.0105173    0.0213955
0.862    0.290978    0.0185817    0.0330633
0.863    0.301206    0.0299671    0.0497245
0.864    0.321844    0.0369858    0.0612246
0.865    0.343144    0.0309113    0.0546427
0.866    0.354234    0.0194732    0.0391769
0.867    0.358038    0.0110828    0.026805
0.868    0.359127    0.00648063    0.0193312
0.869    0.359402    0.00436136    0.015289
0.87    0.35945    0.00359964    0.0132702
0.871    0.359447    0.00353769    0.012435
0.872    0.359467    0.00406355    0.0124548
0.873    0.359612    0.00551489    0.0133946
0.874    0.36014    0.0085013    0.0156828
0.875    0.361764    0.0137944    0.0201046
0.876    0.366259    0.0219745    0.0273963
0.877    0.376787    0.0316955    0.0364769
0.878    0.394626    0.0371309    0.0419244
0.879    0.413145    0.033029    0.0386449
0.88    0.424771    0.023615    0.0304259
0.881    0.429933    0.0152476    0.0232165
0.882    0.431857    0.00983872    0.0187057
0.883    0.432527    0.00702147    0.0163497
0.884    0.432795    0.00618438    0.0154798
0.885    0.433055    0.00702659    0.0158473
0.886    0.433673    0.0096763    0.0176023
0.887    0.435363    0.0146043    0.0212048
0.888    0.439703    0.0221526    0.0270725
0.889    0.449307    0.0310809    0.0342405
0.89    0.465351    0.0366649    0.0385954
0.891    0.482926    0.0341259    0.036067
0.892    0.49521    0.025882    0.0291521
0.893    0.501373    0.0175164    0.02303
0.894    0.503964    0.0115104    0.0195931
0.895    0.505005    0.00807614    0.018216
0.896    0.505525    0.00718378    0.0180446
0.897    0.50611    0.00899338    0.0190149
0.898    0.507444    0.0135959    0.0220046
0.899    0.510932    0.0213259    0.0283647
0.9    0.519391    0.0317959    0.0382223
0.901    0.53585    0.0410122    0.0475366
0.902    0.557457    0.0417235    0.0488023
0.903    0.574879    0.0333979    0.041345
0.904    0.584324    0.023315    0.0324587
0.905    0.588623    0.0164668    0.026719
0.906    0.590915    0.0141383    0.0241849
0.907    0.593037    0.0157176    0.0235027
0.908    0.596163    0.0196903    0.0236337
0.909    0.601276    0.024714    0.024077
0.91    0.609015    0.0293253    0.0246238
0.911    0.61899    0.0317583    0.0251434
0.912    0.629443    0.0309281    0.0255206
0.913    0.638334    0.0274809    0.0257205
0.914    0.644828    0.0233459    0.0258679
0.915    0.649469    0.0206308    0.0263041
0.916    0.653545    0.0210418    0.0276196
0.917    0.658749    0.025094    0.0304333
0.918    0.667032    0.0314645    0.0345671
0.919    0.679648    0.0371316    0.0381478
0.92    0.695139    0.0386367    0.0386189
0.921    0.709536    0.0353309    0.0356895
0.922    0.720216    0.0300928    0.0315066
0.923    0.727524    0.0259619    0.0278138
0.924    0.732984    0.0240401    0.0250434
0.925    0.737864    0.0239384    0.0232268
0.926    0.742941    0.0249116    0.0225319
0.927    0.748675    0.026492    0.0230682
0.928    0.755394    0.0285137    0.0245456
0.929    0.76337    0.0308452    0.026347
0.93    0.772731    0.0330941    0.0279201
0.931    0.783242    0.0345811    0.0290665
0.932    0.794218    0.0347408    0.0298826
0.933    0.804792    0.0336216    0.0304177
0.934    0.814423    0.0319487    0.0305497
0.935    0.823139    0.0306644    0.0302903
0.936    0.831379    0.0303617    0.030017
0.937    0.839694    0.0310446    0.0302638
0.938    0.848523    0.0323338    0.0312375
0.939    0.858123    0.0337963    0.0325412
0.94    0.868556    0.0350605    0.0334292
0.941    0.879642    0.035758    0.0333763
0.942    0.890902    0.0355706    0.0324992
0.943    0.901686    0.0344791    0.0314822
0.944    0.911514    0.0329409    0.0309928
0.945    0.920372    0.0317272    0.0311162
0.946    0.928723    0.0314902    0.0314044
0.947    0.937257    0.0323333    0.031426
0.948    0.946541    0.0336969    0.0312891
0.949    0.956695    0.0347104    0.0316638
0.95    0.967322    0.0347977    0.0329472
0.951    0.977831    0.0340786    0.0344671
0.952    0.987895    0.0331837    0.0351619
0.953    0.997597    0.0326489    0.0348274
0.954    1.0072    0.0325426    0.0344132
0.955    1.01692    0.032689    0.0350525
0.956    1.02684    0.033093    0.0366505
0.957    1.03715    0.0339517    0.0379154
0.958    1.04805    0.0351993    0.0377657
0.959    1.05952    0.036229    0.0362672
0.96    1.07107    0.0363125    0.0343882
0.961    1.08195    0.0352865    0.0329655
0.962    1.09164    0.0337282    0.0321208
0.963    1.10023    0.0325502    0.0317153
0.964    1.10832    0.0324976    0.0317942
0.965    1.11675    0.0338375    0.0324611
0.966    1.12637    0.0362383    0.0336666
0.967    1.13773    0.0388302    0.0352348
0.968    1.1507    0.0405325    0.0368461
0.969    1.1644    0.0406409    0.0378242
0.97    1.17765    0.0392544    0.0373604
0.971    1.1896    0.0370781    0.0353375
0.972    1.20002    0.0348745    0.0327106
0.973    1.2091    0.0331938    0.0308558
0.974    1.21725    0.0324573    0.0304665
0.975    1.22511    0.0330499    0.0311988
0.976    1.23349    0.0352024    0.0324044
0.977    1.24335    0.0387191    0.0338149
0.978    1.25549    0.0427553    0.0354647
0.979    1.27005    0.0459329    0.037128
0.98    1.28605    0.0470396    0.0380996
0.981    1.30179    0.0459166    0.0378243
0.982    1.31603    0.0435058    0.0364757
0.983    1.32849    0.0409839    0.0346396
0.984    1.3396    0.0390411    0.0327432
0.985    1.3499    0.0378028    0.0309856
0.986    1.35976    0.0370814    0.0295692
0.987    1.36931    0.0366432    0.0287578
0.988    1.37858    0.0364025    0.0287354
0.989    1.38768    0.036523    0.0295236
0.99    1.39695    0.0373886    0.0309989
0.991    1.40703    0.0393686    0.0328854
0.992    1.41875    0.0423491    0.0347568
0.993    1.43262    0.045338    0.0361418
0.994    1.44817    0.0467939    0.0367294
0.995    1.46382    0.0458103    0.0365354
0.996    1.47791    0.0429934    0.0358131
0.997    1.48983    0.0399363    0.0347872
0.998    1.50008    0.038009    0.0335954
0.999    1.50966    0.0376659    0.0324919
1    1.5194    0.0385329    0.0319653
1.001    1.52982    0.0399223    0.0324704
1.002    1.54102    0.0413259    0.033933
1.003    1.55296    0.0426168    0.0356846
1.004    1.56562    0.0439021    0.0369885
1.005    1.57902    0.0451838    0.0375734
1.006    1.59309    0.0461879    0.0377287
1.007    1.60752    0.0465765    0.0378959
1.008    1.62184    0.0463019    0.0381309
1.009    1.63576    0.0456748    0.038065
1.01    1.64925    0.0450661    0.0373515
1.011    1.66242    0.0445879    0.0360423
1.012    1.67531    0.0440834    0.0346035
1.013    1.68781    0.0433944    0.0335602
1.014    1.69974    0.0425954    0.0330813
1.015    1.71116    0.041983    0.0329791
1.016    1.72233    0.0418729    0.0330276
1.017    1.73371    0.0423897    0.0331621
1.018    1.7457    0.0433787    0.0334777
1.019    1.75849    0.0444871    0.0341125
1.02    1.77198    0.0453747    0.0350402
1.021    1.78591    0.0459024    0.0359488
1.022    1.8    0.046129    0.0364024
1.023    1.81411    0.0461293    0.0361406
1.024    1.82809    0.0458596    0.0352659
1.025    1.84176    0.0452342    0.0341974
1.026    1.85487    0.0443134    0.0333553
1.027    1.86726    0.0433672    0.0328365
1.028    1.87905    0.0427338    0.0324532
1.029    1.89054    0.0426109    0.0320303
1.03    1.90205    0.0429624    0.0316226
1.031    1.91383    0.0436008    0.0315191
1.032    1.92594    0.0443691    0.032003
1.033    1.93841    0.0452662    0.0330223
1.034    1.95134    0.0463869    0.0341694
1.035    1.96492    0.0476967    0.0349945
1.036    1.97931    0.0488472    0.0352762
1.037    1.99431    0.0492817    0.0351122
1.038    2.00932    0.0486572    0.0348506
1.039    2.02361    0.047243    0.0348241
1.04    2.03688    0.0458815    0.035102
1.041    2.04942    0.0455041    0.0355414
1.042    2.06205    0.046553    0.0359777
1.043    2.07563    0.0486623    0.0363257
1.044    2.09062    0.0507952    0.0366143
1.045    2.10669    0.0518328    0.0369152
1.046    2.12288    0.0512933    0.0371229
1.047    2.13823    0.0495866    0.0368969
1.048    2.15234    0.0475568    0.0359781
1.049    2.16533    0.0458349    0.0345542
1.05    2.17757    0.0446268    0.0333133
1.051    2.18936    0.0439672    0.0330282
1.052    2.20104    0.0440251    0.0338719
1.053    2.21306    0.0450861    0.0352367
1.054    2.22603    0.0471683    0.0363073
1.055    2.24045    0.0496341    0.0366751
1.056    2.25622    0.0513341    0.0365378
1.057    2.27245    0.0513898    0.0364053
1.058    2.28796    0.0499587    0.0365182
1.059    2.3021    0.0481736    0.0366827
1.06    2.31516    0.0473163    0.0366766
1.061    2.32805    0.0479991    0.0365647
1.062    2.34172    0.0499035    0.0366701
1.063    2.35674    0.0521062    0.0373343
1.064    2.373    0.0536978    0.0385362
1.065    2.38987    0.0543021    0.0397145
1.066    2.40672    0.0541325    0.040168
1.067    2.42319    0.053568    0.0396084
1.068    2.43916    0.052734    0.0382822
1.069    2.45449    0.0515193    0.0367406
1.07    2.46892    0.0498991    0.0355259
1.071    2.48226    0.0481458    0.0349072
1.072    2.49458    0.0467356    0.03484
1.073    2.50629    0.0460901    0.0351617
1.074    2.518    0.0463594    0.0357644
1.075    2.53031    0.0473334    0.0366341
1.076    2.54356    0.0485034    0.0378436
1.077    2.55771    0.0493039    0.0394645
1.078    2.57232    0.0494607    0.0413592
1.079    2.58695    0.0491737    0.0430954
1.08    2.60146    0.0489013    0.0441755
1.081    2.61603    0.0489057    0.0443763
1.082    2.63082    0.0490086    0.0439505
1.083    2.64572    0.0488329    0.0435065
1.084    2.66035    0.0483057    0.0435153
1.085    2.67447    0.0478973    0.0439216
1.086    2.68828    0.0483193    0.0443195
1.087    2.70243    0.0499228    0.0443504
1.088    2.71762    0.0522998    0.0438995
1.089    2.73407    0.0544405    0.0430787
1.09    2.75127    0.0553851    0.0420581
1.091    2.76821    0.0548736    0.0408822
1.092    2.7841    0.0534199    0.0394758
1.093    2.7987    0.0518081    0.0378181
1.094    2.81228    0.0505821    0.0361238
1.095    2.82529    0.0499257    0.0348762
1.096    2.83814    0.0498495    0.0345619
1.097    2.85121    0.0503927    0.035246
1.098    2.86489    0.0516311    0.036479
1.099    2.87963    0.0534691    0.0376489
1.1    2.89572    0.0554139    0.0383548
1.101    2.91297    0.0566562    0.0385514
1.102    2.93061    0.0565672    0.0384462
1.103    2.94763    0.0552169    0.038228
1.104    2.96342    0.0533683    0.0379247
1.105    2.97801    0.0519494    0.0375181
1.106    2.99199    0.0515107    0.0370822
1.107    3.00605    0.0520378    0.0368272
1.108    3.02067    0.0531173    0.0370405
1.109    3.03599    0.0542641    0.0378476
1.11    3.05188    0.0551884    0.0389669
1.111    3.06815    0.0558396    0.0398506
1.112    3.08467    0.0562475    0.0401191
1.113    3.10134    0.0563762    0.0398538
1.114    3.11797    0.0561862    0.0395337
1.115    3.13436    0.0558274    0.0396167
1.116    3.15047    0.0556886    0.0400945
1.117    3.16655    0.0561447    0.0405416
1.118    3.18303    0.0571743    0.0405453
1.119    3.20019    0.0582196    0.040002
1.12    3.21783    0.0585129    0.039147
1.121    3.23524    0.0576839    0.0383804
1.122    3.25171    0.0561345    0.0379722
1.123    3.26707    0.0548322    0.0379118
1.124    3.28181    0.054701    0.0380271
1.125    3.29687    0.0560436    0.0381469
1.126    3.31313    0.0583101    0.0381886
1.127    3.3309    0.0603494    0.0382034
1.128    3.34965    0.0610838    0.0382857
1.129    3.3683    0.0602149    0.0383642
1.13    3.38593    0.0583657    0.0381954
1.131    3.40231    0.0565369    0.0376303
1.132    3.41782    0.0554393    0.0368422
1.133    3.43304    0.0552485    0.0363183
1.134    3.44848    0.055797    0.0365413
1.135    3.4645    0.0568688    0.0375124
1.136    3.48134    0.0582886    0.0386604
1.137    3.49915    0.0597701    0.0392951
1.138    3.51785    0.0607934    0.0390835
1.139    3.53693    0.0608163    0.0381938
1.14    3.55558    0.0597318    0.0370909
1.141    3.57315    0.058083    0.0361224
1.142    3.58954    0.0567277    0.035279
1.143    3.60522    0.0562317    0.0343393
1.144    3.6208    0.0564914    0.0331356
1.145    3.63662    0.0568342    0.0317216
1.146    3.65247    0.056487    0.0303955
1.147    3.66768    0.0550799    0.0295105
1.148    3.68163    0.0528359    0.029209
1.149    3.69401    0.0503662    0.0294238
1.15    3.70501    0.0483309    0.0301233
1.151    3.71515    0.0472592    0.0315046
1.152    3.7252    0.0475988    0.0340683
1.153    3.73611    0.0498741    0.0385554
1.154    3.74921    0.0547036    0.045521
1.155    3.76633    0.0622798    0.0544866
1.156    3.78937    0.071144    0.0632116
1.157    3.81843    0.0774691    0.0681956
1.158    3.84982    0.0773403    0.0673014
1.159    3.87775    0.0708393    0.0620892
1.16    3.89908    0.0619197    0.0560468
1.161    3.91456    0.0545049    0.0514414
1.162    3.9266    0.0504732    0.0488086
1.163    3.93759    0.0500943    0.047947
1.164    3.94953    0.0528428    0.0486386
1.165    3.96405    0.0577143    0.0508087
1.166    3.9822    0.0631991    0.0541507
1.167    4.00392    0.0674685    0.0574995
1.168    4.02779    0.069133    0.0589933
1.169    4.05162    0.0680333    0.057404
1.17    4.07361    0.0651249    0.0531651
1.171    4.09298    0.0616374    0.0479207
1.172    4.10982    0.0584745    0.0432664
1.173    4.12464    0.0561289    0.0398986
1.174    4.13817    0.0547773    0.0376705
1.175    4.1511    0.0543424    0.03616
1.176    4.16401    0.0545409    0.0351215
1.177    4.17724    0.0549787    0.034653
1.178    4.19087    0.0553128    0.035106
1.179    4.20475    0.0554341    0.0367076
1.18    4.21874    0.0555589    0.0392238
1.181    4.23292    0.0561243    0.0421658
1.182    4.24763    0.0575033    0.045316
1.183    4.26347    0.0597061    0.0489418
1.184    4.28093    0.0622953    0.0534962
1.185    4.3002    0.0646386    0.0590544
1.186    4.32106    0.0663592    0.0649618
1.187    4.34317    0.0675462    0.0700195
1.188    4.36628    0.0683595    0.0730065
1.189    4.39007    0.0684147    0.0731524
1.19    4.41359    0.0669322    0.070579
1.191    4.43539    0.0637307    0.0665054
1.192    4.45437    0.0597732    0.0625076
1.193    4.47057    0.0565392    0.0594038
1.194    4.48499    0.0550609    0.0571633
1.195    4.49899    0.0555041    0.0555234
1.196    4.51376    0.0572841    0.0543259
1.197    4.52996    0.0594041    0.0535463
1.198    4.5475    0.060901    0.0532246
1.199    4.5657    0.0613237    0.0532388
1.2    4.58378    0.0609222    0.0531269
1.201    4.60134    0.0603055    0.0523304
1.202    4.61842    0.0598726    0.0506435
1.203    4.63519    0.0595674    0.0484354
1.204    4.65165    0.0591231    0.0465017
1.205    4.6676    0.0584816    0.0455365
1.206    4.68295    0.0579863    0.0456188
1.207    4.69795    0.0582086    0.0463217
1.208    4.71323    0.0595534    0.0472171
1.209    4.72961    0.061896    0.0481344
1.21    4.74767    0.0644794    0.0491243
1.211    4.76734    0.0662401    0.0503127
1.212    4.78777    0.0664859    0.0516405
1.213    4.8079    0.0654174    0.0526977
1.214    4.82709    0.0639427    0.0529942
1.215    4.84546    0.0629391    0.0524157
1.216    4.86347    0.0626882    0.0513987
1.217    4.88153    0.0629239    0.0506813
1.218    4.89977    0.0632852    0.050707
1.219    4.91812    0.0636595    0.0511928
1.22    4.9366    0.0641224    0.0514253
1.221    4.9553    0.0646224    0.0508968
1.222    4.97424    0.0648209    0.0496322
1.223    4.99312    0.0643219    0.0481428
1.224    5.0114    0.0630946    0.04707
1.225    5.0287    0.0616548    0.0466871
1.226    5.04511    0.0608017    0.0467674
1.227    5.06126    0.0611148    0.0469314
1.228    5.07797    0.0625618    0.0469866
1.229    5.09585    0.0644608    0.0470225
1.23    5.1149    0.065856    0.0472989
1.231    5.13448    0.0661312    0.0479334
1.232    5.15378    0.0654166    0.0486655
1.233    5.17234    0.0644093    0.0490524
1.234    5.19029    0.0637725    0.0488761
1.235    5.20806    0.0636711    0.0483645
1.236    5.226    0.0637992    0.0481251
1.237    5.24413    0.0637931    0.0487169
1.238    5.26227    0.0636315    0.0500917
1.239    5.2804    0.0636619    0.0515928
1.24    5.29876    0.0642168    0.0525394
1.241    5.31774    0.0651697    0.0527019
1.242    5.33741    0.0658954    0.0523683
1.243    5.35729    0.0657567    0.0520504
1.244    5.37661    0.0646895    0.0520006
1.245    5.39487    0.0632947    0.0520437
1.246    5.41215    0.062362    0.0519057
1.247    5.42903    0.0623052    0.0515556
1.248    5.44615    0.0629601    0.0512952
1.249    5.4639    0.0638164    0.0516259
1.25    5.48225    0.0644643    0.052827
1.251    5.50096    0.0649047    0.0545307
1.252    5.51996    0.0654488    0.055903
1.253    5.53936    0.0662699    0.0562833
1.254    5.55928    0.0670631    0.0556212
1.255    5.5795    0.0672284    0.0544537
1.256    5.59937    0.066445    0.0534563
1.257    5.61827    0.0650447    0.0528894
1.258    5.63606    0.0638027    0.0525328
1.259    5.65317    0.0633736    0.0520863
1.26    5.67029    0.06387    0.0515025
1.261    5.68799    0.0648566    0.051066
1.262    5.70639    0.0657093    0.0512014
1.263    5.7252    0.0660813    0.0520225
1.264    5.74401    0.0661255    0.0531038
1.265    5.76271    0.0662825    0.0538453
1.266    5.7815    0.066826    0.0539644
1.267    5.80067    0.0675955    0.0536588
1.268    5.82028    0.0681657    0.0534609
1.269    5.8401    0.0682873    0.0538107
1.27    5.85984    0.0681716    0.0545941
1.271    5.8795    0.0683094    0.055199
1.272    5.89937    0.068957    0.055039
1.273    5.91977    0.0697812    0.0539964
1.274    5.94054    0.0700591    0.0525208
1.275    5.96105    0.0693007    0.0512889
1.276    5.98056    0.0677072    0.0506175
1.277    5.99876    0.0660364    0.0503006
1.278    6.01599    0.0650518    0.0500129
1.279    6.03297    0.0650439    0.0496783
1.28    6.05037    0.0657149    0.0495441
1.281    6.06848    0.0664297    0.0500317
1.282    6.08707    0.0666686    0.0513615
1.283    6.1057    0.0663927    0.0532458
1.284    6.12407    0.066044    0.0551102
1.285    6.14234    0.0661815    0.0566063
1.286    6.16103    0.0670638    0.0578706
1.287    6.18064    0.0684997    0.0593736
1.288    6.20143    0.0700491    0.0614124
1.289    6.22325    0.0713727    0.0636124
1.29    6.2458    0.0723839    0.0650863
1.291    6.26879    0.0730511    0.0650945
1.292    6.2919    0.0731373    0.0634522
1.293    6.3146    0.0722911    0.0605849
1.294    6.33617    0.070444    0.0573635
1.295    6.35606    0.0680376    0.0546072
1.296    6.3742    0.0658075    0.0525808
1.297    6.39104    0.0643561    0.0510536
1.298    6.40731    0.0638801    0.0497813
1.299    6.4237    0.0641828    0.0488766
1.3    6.44062    0.0648877    0.048758
1.301    6.45821    0.0657008    0.0496506
1.302    6.47643    0.0665485    0.0511512
1.303    6.49523    0.0674776    0.0524645
1.304    6.51462    0.0683987    0.0530128
1.305    6.53449    0.0689595    0.0527787
1.306    6.55445    0.068759    0.052255
1.307    6.57386    0.0677524    0.0520692
1.308    6.59227    0.0664428    0.0524976
1.309    6.6097    0.0656453    0.0533746
1.31    6.62675    0.0660101    0.054454
1.311    6.64433    0.0676402    0.0557176
1.312    6.66328    0.0700113    0.057398
1.313    6.68393    0.0722431    0.0597464
1.314    6.70597    0.0736253    0.0625784
1.315    6.72867    0.0740552    0.0650499
1.316    6.75141    0.0739443    0.0661508
1.317    6.7739    0.0736421    0.0654734
1.318    6.79596    0.0730461    0.0635416
1.319    6.81729    0.0718547    0.061502
1.32    6.83746    0.0701102    0.0603105
1.321    6.8563    0.0683885    0.0600785
1.322    6.87416    0.0674597    0.0602955
1.323    6.89182    0.0677475    0.0604982
1.324    6.91014    0.06899    0.0606255
1.325    6.92956    0.07034    0.0609971
1.326    6.94983    0.0708908    0.0619958
1.327    6.97018    0.0703112    0.063575
1.328    6.98988    0.069073    0.0651794
1.329    7.00877    0.0680503    0.0662905
1.33    7.02728    0.0678612    0.0669282
1.331    7.0461    0.0685112    0.0676683
1.332    7.06572    0.0695431    0.0692011
1.333    7.08624    0.0704748    0.0715893
1.334    7.10745    0.0711277    0.0739355
1.335    7.12908    0.0715656    0.0750255
1.336    7.15091    0.0717672    0.0742352
1.337    7.1726    0.0714811    0.071861
1.338    7.19358    0.0704939    0.0688704
1.339    7.21329    0.0689881    0.0662924
1.34    7.23152    0.0675565    0.0646257
1.341    7.24859    0.0668731    0.0638019
1.342    7.26523    0.0673364    0.0635918
1.343    7.28235    0.0688956    0.0639266
1.344    7.3007    0.0710671    0.0649791
1.345    7.32056    0.0731217    0.0669866
1.346    7.34173    0.0744161    0.0697824
1.347    7.36358    0.0747046    0.0725218
1.348    7.38552    0.0741625    0.0741395
1.349    7.40715    0.0730953    0.0741318
1.35    7.42821    0.0716743    0.0729554
1.351    7.44847    0.0699995    0.0717644
1.352    7.46769    0.0683627    0.0715417
1.353    7.48593    0.0673389    0.0723754
1.354    7.50366    0.0675372    0.0737267
1.355    7.52175    0.069189    0.0751952
1.356    7.5411    0.0718769    0.0768443
1.357    7.56225    0.0746226    0.0789885
1.358    7.58504    0.0763762    0.0816882
1.359    7.60864    0.076673    0.0843422
1.36    7.63217    0.0759366    0.0859316
1.361    7.65523    0.0750769    0.0857307
1.362    7.67791    0.0747295    0.0837317
1.363    7.70038    0.0748637    0.0806174
1.364    7.72258    0.0750476    0.0773954
1.365    7.74422    0.0749586    0.0747592
1.366    7.76509    0.0745947    0.0727213
1.367    7.78528    0.0741148    0.0709058
1.368    7.80512    0.0736055    0.0690391
1.369    7.82491    0.073018    0.0672027
1.37    7.84476    0.0722866    0.0657782
1.371    7.86455    0.0714863    0.0650422
1.372    7.88411    0.0708431    0.0647532
1.373    7.90338    0.0705366    0.0643163
1.374    7.92242    0.0704752    0.0633594
1.375    7.94125    0.0702965    0.0620953
1.376    7.95974    0.0696343    0.0612566
1.377    7.97764    0.0684399    0.0616046
1.378    7.99481    0.0671111    0.0632965
1.379    8.01145    0.0663215    0.0658205
1.38    8.02812    0.0666173    0.0685855
1.381    8.04554    0.0679854    0.0713955
1.382    8.06416    0.0696792    0.0744254
1.383    8.0837    0.0705404    0.0779377
1.384    8.10311    0.0697059    0.0820114
1.385    8.12106    0.0671486    0.0865232
1.386    8.13662    0.0635646    0.0915606
1.387    8.14958    0.059804    0.0979834
1.388    8.16028    0.0564235    0.107788
1.389    8.16928    0.0536064    0.124444
1.39    8.17709    0.0512974    0.153452
1.391    8.18412    0.0493509    0.20302
1.392    0    inf    inf
1.393    0    inf    inf
1.394    0    inf    inf
1.395    0    inf    inf
1.396    0    inf    inf
1.397    0    inf    inf
1.398    0    inf    inf
1.399    0    inf    inf
1.4    0    inf    inf
1.401    0    inf    inf
1.402    0    inf    inf
1.403    0    inf    inf
1.404    0    inf    inf
1.405    0    inf    inf
1.406    0    inf    inf
1.407    0    inf    inf
1.408    0    inf    inf
1.409    0    inf    inf
1.41    0    inf    inf
1.411    0    inf    inf
1.412    0    inf    inf
1.413    0    inf    inf
1.414    0    inf    inf
1.415    0    inf    inf
1.416    0    inf    inf
1.417    0    inf    inf
1.418    0    inf    inf
1.419    0    inf    inf
1.42    0    inf    inf
1.421    0    inf    inf
1.422    0    inf    inf
1.423    0    inf    inf
1.424    0    inf    inf
1.425    0    inf    inf
1.426    0    inf    inf
1.427    0    inf    inf
1.428    0    inf    inf
1.429    0    inf    inf
1.43    0    inf    inf
1.431    0    inf    inf
1.432    0    inf    inf
1.433    0    inf    inf
1.434    0    inf    inf
1.435    0    inf    inf
1.436    0    inf    inf
1.437    0    inf    inf
1.438    0    inf    inf
1.439    0    inf    inf
1.44    0    inf    inf
1.441    0    inf    inf
1.442    0    inf    inf
1.443    0    inf    inf
1.444    0    inf    inf
1.445    0    inf    inf
1.446    0    inf    inf
1.447    0    inf    inf
1.448    0    inf    inf
1.449    0    inf    inf
1.45    0    inf    inf
1.451    0    inf    inf
1.452    0    inf    inf
1.453    0    inf    inf
1.454    0    inf    inf
1.455    0    inf    inf
1.456    0    inf    inf
1.457    0    inf    inf
1.458    0    inf    inf
1.459    0    inf    inf
1.46    0    inf    inf
1.461    0    inf    inf
1.462    0    inf    inf
1.463    0    inf    inf
1.464    0    inf    inf
1.465    0    inf    inf
1.466    0    inf    inf
1.467    0    inf    inf
1.468    0    inf    inf
1.469    0    inf    inf
1.47    0    inf    inf
1.471    0    inf    inf
1.472    0    inf    inf
1.473    0    inf    inf
1.474    0    inf    inf
1.475    0    inf    inf
1.476    0    inf    inf
1.477    0    inf    inf
1.478    0    inf    inf
1.479    0    inf    inf
1.48    0    inf    inf
1.481    0    inf    inf
1.482    0    inf    inf
1.483    0    inf    inf
1.484    0    inf    inf
1.485    0    inf    inf
1.486    0    inf    inf
1.487    0    inf    inf
1.488    0    inf    inf
1.489    0    inf    inf
1.49    0    inf    inf
1.491    0    inf    inf
1.492    0    inf    inf
1.493    0    inf    inf
1.494    0    inf    inf
1.495    0    inf    inf
1.496    0    inf    inf
1.497    0    inf    inf
1.498    0    inf    inf
1.499    0    inf    inf
1.5    0    inf    inf
