# Riavvio, attendi...
40    0
43    0
41    0
43    0
43    0
46    2
45    1
43    0
41    0
43    0
40    0
42    0
42    1
43    0
40    0
42    1
40    1
41    0
43    0
43    0
43    0
43    0
43    0
41    0
45    0
41    2
42    0
43    0
43    1
43    1
41    1
43    0
38    0
42    0
45    1
43    0
42    0
42    0
43    0
40    0
43    0
43    0
48    0
42    1
43    0
40    0
42    0
42    1
42    1
43    0
39    1
43    0
43    0
41    1
42    0
46    0
43    1
43    0
43    0
47    0
40    1
43    0
43    0
41    1
39    0
43    0
43    0
43    0
43    0
39    0
42    0
43    0
35    0
43    2
41    0
41    0
41    0
43    0
41    0
45    0
45    1
42    1
40    1
43    0
41    1
41    1
47    1
43    1
42    0
42    2
43    0
43    0
43    1
42    0
43    0
43    0
41    0
47    0
41    1
41    0

147    0
141    0
147    0
144    0
144    0
147    0
141    0
144    0
145    0
146    0
146    0
145    0
142    0
147    0
147    0
145    0
142    0
147    0
143    0
147    0
146    0
146    0
145    0
145    0
145    0
145    0
143    0
143    0
146    0
146    0
147    0
142    0
147    0
142    0
146    0
143    0
139    0
145    0
147    0
146    0
144    0
146    0
144    0
146    0
147    0
143    0
143    0
147    0
143    0
147    0
145    0
147    0
143    0
147    0
145    0
147    0
145    0
145    0
145    0
147    0
144    0
142    0
146    0
147    0
143    0
146    0
147    0
141    0
147    0
147    0
141    1
149    0
144    0
144    0
147    0
145    0
142    0
147    0
146    0
143    0
147    0
144    0
143    0
147    0
144    0
144    0
147    0
147    0
145    0
144    0
145    0
147    0
143    0
147    0
143    0
143    0
146    0
146    0
144    0
147    0

265    0
270    0
270    0
271    0
268    1
268    0
274    1
271    1
268    1
273    1
271    0
268    1
268    1
271    1
266    1
268    1
268    1
273    0
271    0
268    0
268    0
276    1
272    0
271    0
271    0
268    1
268    1
271    0
266    1
268    0
266    0
271    1
267    0
273    0
267    1
273    0
273    0
267    1
268    0
273    0
270    1
272    1
272    1
270    1
268    1
268    0
272    1
270    1
274    0
267    0
271    0
272    0
270    0
267    0
272    1
270    0
270    1
268    1
270    1
268    0
271    0
271    0
271    0
271    1
268    1
272    0
272    1
267    1
268    1
272    0
268    1
267    0
273    1
270    0
272    0
267    0
273    0
271    0
272    1
271    0
271    0
270    0
270    1
268    0
268    0
271    0
268    1
268    0
268    1
268    0
268    0
271    0
271    0
276    0
271    0
271    0
270    0
274    1
271    1
268    1

400    0
398    0
399    0
403    0
403    0
396    0
400    0
400    0
401    0
401    0
402    0
401    0
401    0
400    0
404    0
399    0
402    0
400    0
403    0
403    0
400    0
400    0
401    0
402    0
400    0
401    0
402    0
399    0
403    0
402    0
401    0
398    0
401    0
403    0
401    0
402    0
401    0
404    0
400    0
403    0
401    0
402    0
398    0
398    0
401    0
401    0
399    0
399    0
401    0
400    0
401    0
401    0
400    0
401    0
402    0
401    0
402    0
401    0
403    0
400    0
402    0
401    0
399    0
402    0
401    0
400    0
399    0
400    0
398    0
399    0
399    0
402    0
402    0
398    0
401    0
401    0
399    0
400    0
404    0
403    0
400    0
403    0
401    0
399    0
405    0
401    0
402    0
400    0
406    0
398    0
399    0
400    0
403    0
403    0
401    0
399    0
406    0
403    0
400    0
399    0

515    0
519    0
514    0
516    0
516    0
515    0
519    0
518    0
516    0
518    0
519    0
515    0
519    0
519    0
520    0
517    0
517    0
517    0
520    0
518    0
517    0
516    0
517    0
519    0
513    0
520    0
519    0
517    0
517    0
517    0
515    0
519    0
517    0
517    0
518    0
517    0
518    0
517    0
517    0
519    0
519    0
517    0
518    0
517    0
519    0
517    0
518    0
516    0
517    0
519    0
516    0
521    0
518    0
517    0
516    0
519    0
516    0
517    0
520    0
517    0
516    0
518    0
520    0
517    0
520    0
515    0
520    0
520    0
519    0
517    0
518    0
520    0
517    0
518    0
517    0
518    0
519    0
516    0
520    0
518    0
516    0
517    0
517    0
519    0
522    0
521    0
517    0
521    0
519    0
518    0
518    0
519    0
518    0
519    0
517    0
516    0
521    0
517    0
517    0
519    0

640    0
643    0
639    0
641    0
644    1
641    1
638    0
644    1
641    2
641    1
642    1
642    1
642    1
642    1
643    0
642    1
640    0
641    0
642    0
643    1
643    0
642    1
643    0
641    0
643    1
643    0
641    1
641    1
642    1
644    0
644    1
646    0
644    0
643    0
644    0
645    0
641    0
643    0
643    0
643    1
644    0
645    0
642    2
643    0
641    0
643    1
636    0
643    0
643    1
646    1
642    0
644    1
644    0
641    1
643    0
641    1
643    1
642    0
642    0
643    0
642    1
642    2
642    0
642    1
639    0
643    0
645    1
639    0
643    0
644    1
643    0
642    0
645    0
642    0
642    0
644    0
643    0
643    0
644    1
643    1
643    0
645    0
644    0
642    0
645    1
642    0
643    0
644    0
646    0
642    0
645    1
643    0
640    1
640    0
644    0
644    1
643    0
643    0
643    0
642    1

758    5
757    5
758    6
762    5
758    6
758    5
759    5
759    6
758    5
758    5
760    6
759    5
760    5
758    5
760    5
760    5
759    6
759    5
760    5
758    6
759    6
760    5
758    5
760    5
759    5
760    5
760    5
760    5
759    6
759    5
761    5
759    7
760    5
760    6
759    6
761    5
760    5
759    5
762    5
761    5
759    5
763    5
764    5
760    6
761    5
760    5
760    6
761    5
761    5
759    5
762    5
761    6
760    5
760    5
761    4
759    5
762    6
760    6
760    5
762    5
762    5
760    6
762    5
758    6
760    5
761    5
758    5
761    5
761    6
760    6
759    5
762    4
758    6
760    3
761    6
761    5
761    6
762    5
760    5
762    5
762    5
759    5
760    5
762    5
760    6
760    6
761    5
760    6
760    6
762    5
761    6
761    5
762    5
760    5
763    6
761    5
762    5
760    5
763    5
761    6

866    26
866    26
866    27
868    26
866    26
869    26
867    27
868    26
866    26
868    27
867    26
868    26
866    26
868    26
868    26
868    25
868    27
864    25
872    26
867    26
867    26
868    26
868    26
869    26
867    27
868    26
868    26
869    26
867    26
870    26
868    27
867    26
868    26
869    26
866    27
868    26
869    27
868    26
869    27
869    26
869    26
870    27
868    26
871    26
868    27
869    26
871    27
868    26
868    26
870    27
868    26
869    26
871    26
867    26
869    27
868    26
867    27
872    26
872    26
870    26
869    26
871    25
869    26
870    26
869    26
869    26
868    26
870    26
868    26
867    26
868    26
868    26
868    26
871    25
870    26
868    26
870    26
869    26
868    26
870    26
869    25
868    27
871    26
869    27
868    26
871    27
870    26
869    26
871    26
870    26
870    26
869    26
869    26
869    25
868    26
871    25
869    27
869    26
871    26
869    26

932    77
932    77
933    77
932    77
935    77
931    77
935    77
935    78
933    77
933    77
933    77
933    77
933    78
935    78
932    78
935    77
933    77
935    78
936    76
934    77
933    77
935    78
935    77
935    78
935    77
935    77
935    77
935    77
935    78
933    77
935    77
932    77
935    77
935    77
928    76
937    78
935    77
935    76
936    78
935    78
936    78
935    77
935    78
936    77
935    77
935    77
937    78
935    78
935    77
936    78
935    77
934    78
935    77
935    77
935    78
937    78
935    77
936    78
935    78
935    77
936    77
935    78
936    77
935    78
935    77
935    77
935    77
937    77
937    77
936    78
935    78
937    77
935    76
929    76
935    77
936    78
935    76
937    78
936    77
935    77
938    77
935    77
938    78
935    77
935    77
936    78
935    77
937    77
936    77
936    77
935    77
937    78
935    77
935    77
937    78
936    77
937    77
935    78
935    77
936    78

971    152
970    152
972    152
972    152
971    152
971    152
971    152
970    152
971    152
972    152
972    152
973    152
975    153
972    152
972    152
973    152
975    152
973    153
972    152
973    152
971    152
971    152
971    153
975    152
972    152
971    152
972    152
974    152
973    152
975    152
973    152
975    152
975    152
973    152
975    151
970    152
971    153
975    153
975    152
975    152
973    152
975    152
973    152
975    152
973    152
975    152
975    152
975    153
973    152
975    152
975    152
975    152
973    152
975    151
975    152
975    152
975    152
972    153
975    152
975    152
972    152
975    152
975    153
975    152
975    152
975    152
975    151
975    152
975    152
975    152
975    153
975    152
975    152
973    152
969    152
975    152
975    152
975    152
975    152
973    152
975    152
975    152
975    151
975    151
975    152
973    151
975    152
975    151
972    152
975    152
975    152
976    152
973    152
975    152
975    151
975    152
975    151
975    152
975    152
975    152

1000    250
1002    250
1000    249
1002    249
1002    249
1000    250
1001    250
1003    250
1001    250
1002    250
1002    249
1001    250
1003    250
1001    250
1002    250
1002    249
1003    250
1003    249
1002    250
1001    250
1002    250
1003    250
1003    250
1004    250
1002    250
1002    249
1003    249
1002    249
1004    250
1004    250
1002    249
1004    250
1003    249
1004    249
1003    249
1004    249
1002    250
1004    249
1003    250
1002    249
1003    250
1003    249
1004    250
1003    249
1004    249
1002    249
1002    249
1003    250
1005    250
1004    249
1004    250
1005    250
1004    250
1004    250
1002    249
1005    249
1003    250
1004    249
1004    249
1004    249
1003    249
1004    249
1005    249
1004    250
1003    249
1005    250
1003    249
1004    249
1004    250
1004    249
1004    249
1005    250
1003    249
1004    249
1003    249
1003    249
1003    248
1005    250
1002    249
1004    249
1002    248
1004    250
1004    249
1003    249
1004    249
1004    249
1004    249
1004    249
1004    249
1003    250
1003    248
1002    249
1005    249
1002    248
1004    249
1005    249
1003    249
1004    249
1004    249
1003    249

1022    349
1022    348
1024    349
1024    348
1021    347
1024    348
1022    348
1023    348
1024    348
1025    348
1021    348
1022    348
1023    348
1023    348
1024    349
1024    349
1024    349
1024    349
1024    348
1025    349
1022    349
1025    349
1025    349
1024    348
1024    348
1025    349
1025    348
1024    349
1024    348
1024    348
1023    348
1024    348
1025    348
1024    349
1025    348
1025    349
1024    348
1025    348
1025    349
1024    347
1024    348
1026    348
1024    348
1024    348
1027    348
1024    348
1025    348
1027    349
1025    348
1025    349
1024    349
1025    348
1024    348
1024    348
1024    349
1027    348
1025    348
1025    349
1025    348
1025    347
1026    348
1026    348
1024    349
1025    348
1027    348
1025    348
1024    348
1027    348
1026    349
1024    348
1026    349
1024    348
1026    348
1024    348
1026    348
1025    349
1026    347
1025    348
1024    348
1025    348
1025    348
1027    348
1026    347
1025    348
1026    348
1025    348
1026    347
1024    347
1026    347
1026    348
1026    348
1027    348
1025    347
1026    347
1027    347
1027    348
1024    348
1025    347
1027    347
1026    348

1040    449
1041    449
1039    449
1033    448
1044    450
1038    449
1038    448
1041    449
1038    449
1040    449
1040    449
1040    449
1040    448
1042    449
1039    449
1038    449
1040    449
1040    449
1040    449
1041    449
1040    449
1041    450
1041    449
1045    449
1040    449
1042    449
1040    449
1040    449
1041    449
1042    449
1040    448
1042    449
1043    449
1041    450
1042    449
1042    449
1041    449
1042    448
1041    449
1041    449
1042    449
1041    449
1035    448
1046    449
1042    449
1041    448
1040    449
1042    450
1041    448
1041    449
1042    449
1043    449
1041    449
1042    449
1042    449
1042    449
1042    449
1043    448
1042    449
1042    448
1041    449
1043    449
1044    448
1041    449
1043    448
1041    448
1042    448
1041    448
1043    448
1043    449
1042    448
1042    449
1042    448
1041    448
1041    449
1041    448
1042    448
1041    449
1042    448
1043    448
1041    448
1036    447
1046    449
1042    449
1042    448
1043    448
1041    448
1041    448
1042    447
1043    448
1041    448
1042    448
1042    448
1042    448
1043    448
1041    448
1042    448
1041    447
1043    449
1041    448

1053    547
1053    548
1050    547
1053    547
1052    547
1051    548
1053    547
1053    548
1052    547
1054    548
1054    547
1051    547
1053    548
1055    548
1052    547
1056    547
1054    548
1053    547
1053    547
1055    547
1052    548
1054    548
1052    547
1053    548
1054    547
1053    548
1054    547
1054    547
1056    548
1054    547
1054    547
1053    547
1054    548
1055    547
1047    547
1058    546
1054    547
1056    547
1054    547
1055    547
1054    547
1056    547
1053    547
1055    547
1055    547
1054    547
1053    547
1054    547
1054    547
1054    547
1054    547
1053    547
1056    547
1054    547
1058    546
1054    547
1055    546
1053    547
1056    547
1054    547
1054    547
1054    547
1056    547
1056    547
1054    546
1058    547
1054    547
1055    547
1056    546
1055    547
1055    546
1055    546
1055    547
1048    547
1058    546
1053    546
1053    546
1054    546
1054    547
1055    546
1055    546
1055    546
1054    546
1056    546
1054    546
1054    546
1056    546
1054    547
1056    547
1056    546
1055    546
1057    546
1056    546
1060    546
1054    546
1057    546
1054    546
1056    545
1054    546
1055    546

1065    663
1065    661
1066    662
1064    663
1066    661
1068    663
1065    663
1067    663
1066    663
1067    663
1066    663
1067    663
1066    663
1068    662
1064    663
1066    663
1066    663
1066    661
1066    663
1067    661
1067    663
1067    663
1068    663
1067    663
1068    663
1068    663
1067    663
1069    663
1066    661
1067    663
1068    663
1067    663
1067    663
1068    663
1068    661
1067    663
1070    662
1067    663
1067    663
1071    663
1068    661
1067    663
1070    663
1067    663
1069    663
1068    661
1068    662
1068    662
1068    661
1068    663
1068    663
1067    663
1066    663
1069    662
1069    661
1068    661
1070    663
1069    663
1069    661
1069    663
1069    661
1069    661
1069    662
1068    661
1067    660
1069    663
1067    661
1068    662
1067    661
1069    661
1068    663
1068    661
1069    661
1069    661
1067    661
1067    661
1069    662
1067    661
1069    660
1067    661
1069    661
1066    661
1068    661
1068    661
1068    660
1067    659
1068    661
1069    660
1068    660
1070    660
1069    660
1071    661
1068    660
1070    660
1068    660
1067    661
1071    660
1067    660
1068    660
1069    660

1076    764
1074    766
1074    765
1077    766
1074    766
1076    765
1076    765
1076    766
1076    766
1080    765
1076    766
1076    765
1077    766
1077    765
1080    765
1076    765
1077    766
1076    766
1077    765
1077    766
1077    765
1077    765
1077    766
1077    765
1078    765
1077    766
1077    766
1077    765
1078    765
1077    766
1077    765
1078    766
1077    765
1077    765
1081    765
1077    766
1078    766
1077    766
1078    766
1077    765
1078    765
1078    765
1077    765
1080    765
1079    766
1078    766
1078    765
1078    765
1078    765
1080    765
1080    765
1078    765
1079    764
1083    765
1078    765
1080    765
1078    764
1080    764
1078    765
1078    765
1080    765
1079    764
1077    765
1078    764
1080    765
1080    765
1077    764
1078    764
1078    765
1077    765
1078    764
1080    764
1077    765
1078    765
1078    764
1077    764
1078    764
1079    765
1078    765
1080    765
1078    764
1077    764
1079    763
1078    763
1078    765
1080    764
1080    764
1079    764
1080    764
1078    763
1079    764
1079    763
1078    764
1079    763
1080    763
1079    764
1081    764
1080    763
1078    764
1080    763

1084    867
1085    867
1085    867
1087    867
1085    867
1091    867
1086    868
1088    869
1086    868
1087    867
1087    868
1085    867
1087    868
1087    868
1086    868
1087    868
1088    868
1086    868
1088    868
1087    868
1088    868
1088    868
1086    868
1088    868
1086    868
1088    867
1088    868
1088    868
1088    868
1089    869
1088    868
1088    868
1086    868
1088    868
1088    868
1087    868
1089    867
1089    868
1087    868
1089    868
1087    868
1088    868
1087    868
1088    867
1092    867
1088    867
1088    868
1090    867
1090    868
1088    867
1091    868
1088    867
1088    867
1088    867
1086    868
1087    867
1089    867
1088    868
1088    867
1090    867
1088    867
1088    867
1089    867
1089    867
1088    867
1089    867
1090    866
1087    867
1089    867
1089    867
1088    867
1088    866
1089    867
1088    867
1089    867
1089    866
1088    866
1090    866
1088    867
1090    867
1088    867
1090    867
1089    866
1092    866
1089    867
1089    866
1089    866
1089    867
1089    866
1088    866
1089    866
1088    866
1089    866
1089    867
1089    866
1090    866
1088    866
1090    865
1090    866
1089    866

1096    984
1096    985
1095    986
1095    986
1096    985
1096    986
1094    985
1096    985
1097    986
1095    986
1098    986
1097    986
1096    986
1098    986
1097    985
1096    986
1096    986
1100    986
1098    985
1097    987
1099    986
1097    987
1098    986
1097    986
1099    986
1097    986
1098    986
1098    987
1099    986
1097    987
1098    986
1098    986
1098    987
1099    987
1098    986
1099    987
1100    987
1098    986
1100    986
1100    986
1099    986
1098    986
1101    986
1097    986
1099    985
1100    986
1100    986
1099    986
1101    986
1098    986
1098    986
1101    986
1098    986
1100    986
1099    985
1098    986
1101    986
1092    985
1098    986
1101    986
1099    986
1100    986
1100    986
1099    986
1100    986
1098    986
1100    985
1100    985
1100    985
1098    985
1101    985
1099    986
1098    986
1101    986
1099    986
1100    986
1101    985
1100    985
1099    985
1099    985
1100    986
1099    985
1101    985
1099    985
1100    985
1101    985
1100    985
1100    985
1101    985
1100    985
1100    985
1102    985
1099    985
1100    985
1100    985
1101    985
1094    985
1100    985
1101    985
1101    985

1106    1093
1105    1093
1108    1092
1106    1092
1107    1093
1104    1093
1106    1092
1105    1093
1107    1093
1105    1093
1108    1093
1107    1092
1105    1093
1108    1093
1106    1092
1107    1093
1106    1093
1107    1093
1107    1092
1108    1093
1107    1093
1104    1093
1112    1093
1108    1093
1108    1092
1108    1093
1107    1093
1108    1092
1108    1093
1108    1092
1109    1093
1107    1093
1108    1092
1108    1093
1108    1093
1106    1093
1108    1093
1109    1093
1108    1093
1108    1092
1108    1092
1113    1092
1108    1093
1107    1093
1110    1093
1108    1093
1108    1092
1109    1092
1109    1092
1108    1093
1108    1092
1109    1092
1109    1092
1107    1093
1109    1092
1108    1093
1109    1092
1109    1092
1111    1092
1109    1093
1104    1092
1114    1092
1109    1091
1109    1091
1111    1092
1111    1092
1108    1092
1109    1092
1109    1092
1109    1092
1107    1091
1112    1091
1110    1092
1109    1091
1107    1092
1110    1091
1109    1091
1107    1092
1110    1091
1111    1092
1113    1091
1109    1091
1110    1090
1108    1090
1109    1091
1108    1090
1112    1091
1108    1091
1109    1090
1109    1091
1109    1091
1106    1090
1109    1090
1110    1090
1108    1090
1110    1091
1109    1090
1110    1090
1110    1090
1104    1090

1112    1198
1112    1198
1113    1198
1114    1199
1112    1199
1115    1199
1114    1199
1113    1199
1114    1198
1115    1199
1114    1199
1114    1199
1115    1199
1115    1198
1115    1199
1114    1199
1114    1199
1116    1199
1114    1199
1116    1199
1116    1200
1115    1200
1115    1199
1114    1200
1116    1199
1114    1199
1115    1199
1115    1199
1114    1199
1116    1199
1116    1199
1115    1199
1115    1199
1114    1199
1115    1198
1116    1199
1115    1199
1116    1199
1115    1198
1115    1198
1116    1199
1118    1199
1117    1200
1116    1199
1116    1198
1114    111121    1304
1122    1305
1120    1304
1122    1304
1120    1305
1121    1305
1122    1305
1122    1305
1120    1304
1122    1305
1122    1305
1120    1305
1121    1304
1123    1305
1122    1308
1121    1305
1124    1308
1121    1305
1123    1308
1121    1308
1123    1308
1122    1308
1123    1308
1122    1308
1122    1305
1123    1308
1122    1308
1121    1308
1124    1308
1122    1308
1122    1305
1124    1306
1121    1308
1122    1305
1124    1308
1124    1308
1122    1305
1125    1308
1123    1305
1123    1308
1124    1305
1123    1305
1125    1308
1126    1308
1124    1305
1124    1308
1125    1305
1123    1305
1124    1305
1124    1308
1124    1305
1123    1305
1124    1305
1123    1304
1122    1305
1124    1305
1124    1305
1122    1304
1124    1305
1123    1304
1123    1304
1124    1305
1124    1305
1123    1304
1124    1305
1124    1304
1123    1304
1124    1305
1125    1304
1124    1305
1125    1305
1124    1304
1123    1303
1125    1303
1123    1304
1125    1304
1124    1304
1124    1304
1123    1304
1124    1304
1123    1303
1123    1303
1126    1304
1125    1304
1123    1303
1126    1303
1124    1303
1124    1303
1125    1303
1126    1303
1124    1303
1124    1303
1125    1303
1124    1303
1125    1303
1125    1303
1123    1303
1125    1303
1125    1303
1122    1303

1127    1421
1128    1421
1127    1421
1128    1421
1128    1421
1128    1421
1128    1422
1128    1423
1129    1422
1129    1423
1129    1423
1128    1423
1129    1423
1129    1422
1129    1423
1130    1422
1129    1423
1129    1423
1130    1423
1130    1423
1128    1423
1129    1423
1129    1423
1129    1423
1132    1423
1130    1423
1131    1423
1131    1423
1132    1423
1131    1423
1130    1423
1129    1423
1130    1423
1131    1423
1130    1423
1131    1423
1130    1423
1131    1422
1132    1423
1131    1422
1131    1423
1131    1423
1131    1423
1130    1423
1130    1422
1131    141134    1529
1136    1529
1136    1530
1129    1529
1136    1530
1135    1530
1136    1529
1136    1530
1136    1530
1135    1530
1136    1530
1136    1530
1136    1530
1136    1530
1136    1530
1136    1531
1136    1530
1136    1530
1136    1530
1136    1531
1137    1530
1136    1531
1136    1530
1136    1530
1136    1531
1137    1531
1136    1531
1136    1531
1137    1530
1136    1530
1136    1530
1138    1530
1138    1531
1136    1530
1137    1530
1139    1531
1137    1530
1137    1530
1137    1530
1137    1530
1136    1530
1138    1530
1131    1530
1139    1530
1138    1530
1137    1530
1140    1530
1137    1531
1137    1529
1138    1530
1138    1530
1137    1530
1139    1530
1138    1530
1138    1529
1138    1529
1138    1530
1139    1529
1137    1529
1137    1529
1138    1529
1136    1529
1137    1530
1138    1528
1137    1529
1137    1529
1138    1529
1138    1529
1137    1529
1136    1529
1137    1529
1139    1528
1137    1528
1138    1529
1138    1528
1138    1528
1138    1528
1138    1528
1140    1528
1139    1528
1138    1528
1133    1528
1139    1528
1137    1528
1139    1527
1137    1528
1140    1528
1138    1527
1140    1528
1137    1527
1138    1528
1138    1528
1137    1527
1137    1528
1139    1527
1137    1527
1138    1527
1138    1527
1138    1526
1137    1527

1137    1635
1140    1635
1142    1637
1141    1637
1140    1637
1142    1637
1141    1637
1140    1637
1141    1637
1142    1637
1141    1637
1142    1637
1141    1637
1144    1637
1142    1637
1141    1637
1142    1637
1144    1637
1141    1637
1143    1637
1144    1637
1144    1637
1142    1637
1143    1637
1144    1637
1142    1637
1144    1637
1144    1637
1144    1637
1144    1637
1142    1637
1144    1637
1144    1637
1144    1637
1145    1637
1142    1637
1144    1637
1145    1637
1144    1637
1143    1637
1146    1637
1144    1637
1144    1637
1146    1637
1145    1637
1144    161149    1755
1146    1755
1148    1755
1148    1756
1149    1755
1148    1756
1149    1756
1149    1755
1148    1755
1148    1756
1150    1755
1149    1755
1149    1756
1149    1755
1147    1756
1149    1755
1149    1756
1148    1755
1150    1756
1148    1756
1150    1756
1149    1756
1150    1755
1148    1756
1149    1756
1149    1755
1149    1756
1148    1755
1149    1756
1149    1755
1149    1755
1149    1755
1148    1756
1152    1756
1150    1756
1149    1755
1152    1756
1151    1755
1150    1755
1152    1756
1152    1756
1150    1756
1149    1756
1150    1756
1149    1756
1152    1755
1149    1755
1150    1755
1150    1754
1151    1755
1151    1755
1153    1755
1151    1755
1152    1755
1150    1755
1151    1754
1149    1755
1151    1754
1152    1754
1150    1755
1153    1755
1150    1754
1149    1754
1152    1755
1150    1754
1150    1754
1152    1754
1150    1754
1152    1754
1153    1754
1152    1754
1150    1754
1149    1753
1151    1754
1150    1754
1152    1754
1152    1754
1150    1753
1154    1753
1152    1753
1152    1753
1152    1754
1150    1752
1152    1754
1151    1753
1152    1752
1152    1753
1152    1752
1152    1753
1152    1754
1153    1752
1152    1753
1149    1752
1152    1752
1150    1752
1152    1752
1152    1752
1152    1752
1153    1752
1150    1752

1152    1860
1155    1860
1154    1860
1153    1860
1153    1860
1153    1860
1154    1860
1154    1860
1154    1861
1154    1861
1157    1860
1153    1861
1154    1861
1156    1860
1155    1863
1156    1860
1155    1860
1156    1860
1156    1861
1156    1861
1155    1861
1157    1861
1156    1860
1155    1863
1157    1860
1157    1861
1156    1861
1157    1863
1157    1861
1156    1860
1155    1860
1157    1860
1156    1861
1155    1861
1159    1861
1156    1861
1156    1861
1156    1860
1157    1860
1156    1860
1157    1861
1155    1859
1156    1860
1156    1860
1156    1860
1156    181160    1967
1160    1967
1160    1967
1160    1968
1160    1967
1161    1967
1160    1967
1160    1967
1160    1967
1161    1967
1160    1967
1160    1967
1161    1967
1160    1967
1164    1968
1161    1968
1161    1967
1163    1967
1161    1967
1160    1968
1160    1967
1162    1968
1160    1968
1161    1967
1161    1967
1162    1968
1163    1968
1161    1968
1163    1968
1161    1968
1162    1967
1163    1968
1162    1967
1160    1967
1162    1967
1163    1968
1160    1967
1162    1968
1164    1968
1161    1967
1163    1967
1161    1968
1165    1969
1161    1967
1161    1967
1162    1967
1162    1967
1162    1967
1164    1967
1164    1968
1163    1967
1164    1967
1164    1967
1162    1967
1163    1967
1163    1967
1163    1967
1161    1967
1163    1967
1164    1967
1161    1967
1162    1967
1163    1967
1163    1967
1162    1967
1164    1967
1164    1967
1163    1967
1164    1967
1162    1967
1164    1967
1162    1967
1163    1964
1163    1967
1162    1964
1164    1964
1163    1964
1162    1964
1163    1964
1163    1964
1163    1964
1162    1967
1164    1964
1161    1964
1164    1964
1163    1964
1162    1963
1162    1963
1164    1963
1163    1963
1161    1962
1164    1963
1163    1963
1162    1963
1162    1962
1163    1962
1162    1962
1163    1963
1163    1962
1161    1962

1166    2084
1164    2082
1164    2084
1168    2084
1165    2084
1164    2084
1168    2084
1166    2084
1165    2084
1166    2084
1165    2084
1166    2084
1168    2085
1166    2084
1168    2085
1166    2084
1166    2084
1168    2085
1168    2084
1168    2085
1168    2084
1169    2085
1168    2084
1168    2084
1168    2084
1168    2084
1168    2084
1168    2084
1165    2085
1168    2084
1168    2084
1168    2084
1168    2084
1168    2085
1168    2084
1168    2084
1168    2084
1169    2084
1168    2084
1168    2084
1168    2084
1168    2084
1168    2084
1168    2084
1168    2084
1169    201170    2201
1172    2201
1171    2201
1171    2201
1171    2201
1173    2201
1175    2201
1172    2201
1171    2202
1172    2201
1173    2201
1172    2202
1172    2201
1173    2202
1172    2202
1171    2202
1174    2202
1171    2202
1174    2202
1171    2202
1172    2202
1174    2202
1174    2202
1170    2202
1174    2201
1172    2202
1172    2202
1174    2202
1173    2202
1173    2202
1176    2202
1174    2202
1174    2202
1174    2202
1174    2202
1173    2201
1175    2202
1174    2202
1174    2202
1176    2201
1174    2202
1173    2202
1172    2201
1176    2201
1174    2201
1174    2201
1173    2202
1173    2201
1174    2201
1174    2201
1174    2201
1174    2201
1176    2201
1176    2201
1176    2201
1175    2201
1176    2201
1173    2201
1176    2201
1176    2201
1174    2201
1174    2201
1176    2201
1173    2201
1173    2201
1176    2201
1174    2198
1176    2201
1175    2198
1176    2198
1174    2201
1176    2198
1174    2198
1174    2197
1175    2197
1175    2197
1174    2198
1176    2198
1174    2197
1173    2198
1176    2197
1175    2197
1173    2197
1174    2196
1174    2197
1173    2196
1174    2197
1174    2196
1176    2196
1173    2196
1174    2196
1174    2196
1176    2196
1176    2196
1176    2196
1176    2196
1176    2196
1173    2196
1176    2196
1176    2196

1176    2307
1177    2307
1176    2307
1177    2308
1177    2309
1176    2309
1178    2308
1177    2309
1177    2309
1177    2309
1180    2308
1174    2309
1176    2309
1179    2309
1178    2309
1179    2309
1179    2309
1178    2309
1179    2309
1179    2309
1177    2309
1178    2309
1180    2310
1179    2310
1178    2309
1179    2309
1179    2309
1179    2309
1178    2309
1180    2309
1178    2309
1179    2310
1180    2309
1178    2309
1180    2309
1180    2309
1179    2309
1180    2309
1182    2309
1178    2309
1181    2309
1180    2309
1179    2309
1179    2309
1180    2309
1181    2309
1179    2309
1182    2309
1180    2309
1184    2309
1178    2309
1179    2309
1180    2309
1181    2309
1179    2309
1181    2309
1180    2309
1179    2307
1180    2309
1179    2307
1181    2307
1178    2307
1180    2307
1180    2307
1179    2307
1181    2307
1180    2307
1180    2307
1181    2307
1178    2306
1181    2306
1181    2307
1179    2306
1181    2306
1180    2307
1181    2306
1180    2306
1179    2306
1181    2306
1180    2306
1181    2306
1181    2306
1181    2306
1181    2306
1180    2306
1179    2306
1179    2306
1180    2306
1184    2306
1176    2303
1179    2303
1180    2306
1181    2303
1179    2306
1182    2303
1181    2303
1180    2303
1181    2302
1180    2303
1180    2302

1182    2419
1184    2419
1182    2419
1182    2419
1184    2419
1184    2420
1184    2419
1182    2421
1185    2420
1184    2421
1181    2419
1185    2421
1184    2421
1182    2420
1184    2421
1182    2420
1185    2421
1184    2421
1184    2421
1185    2421
1184    2421
1184    2421
1185    2421
1185    2421
1184    2421
1184    2421
1185    2421
1184    2421
1184    2421
1184    2421
1185    2421
1184    2421
1186    2421
1184    2421
1185    2421
1185    2421
1184    2421
1184    2421
1185    2421
1186    2421
1186    2421
1186    2421
1185    2421
1187    2421
1185    2421
1186    241186    2525
1187    2525
1187    2527
1187    2525
1187    2527
1186    2527
1188    2527
1186    2527
1189    2527
1187    2527
1187    2527
1188    2527
1192    2527
1188    2527
1186    2527
1189    2527
1188    2527
1189    2527
1188    2527
1189    2527
1188    2527
1189    2527
1189    2527
1188    2527
1189    2527
1189    2527
1190    2527
1192    2527
1188    2527
1189    2527
1189    2527
1188    2527
1189    2527
1189    2527
1190    2527
1190    2527
1192    2527
1188    2527
1192    2527
1189    2527
1190    2527
1190    2527
1190    2527
1190    2527
1190    2527
1188    2527
1192    2527
1189    2526
1190    2527
1192    2527
1190    2527
1192    2526
1190    2525
1189    2526
1188    2527
1192    2527
1190    2527
1192    2525
1190    2526
1189    2525
1190    2525
1189    2525
1190    2525
1189    2525
1192    2525
1192    2525
1192    2524
1192    2524
1190    2525
1190    2524
1190    2524
1192    2524
1190    2524
1190    2524
1192    2524
1190    2524
1189    2524
1192    2524
1189    2524
1189    2524
1192    2524
1190    2524
1190    2524
1193    2524
1190    2521
1189    2521
1192    2521
1189    2520
1190    2520
1190    2521
1193    2520
1192    2520
1192    2520
1192    2520
1189    2520
1192    2520
1190    2519
1190    2519
1190    2519
1190    2519

1192    2644
1192    2645
1192    2645
1194    2645
1192    2647
1193    2645
1193    2645
1194    2645
1190    2647
1194    2647
1193    2647
1193    2647
1193    2647
1196    2647
1193    2647
1193    2647
1194    2647
1197    2647
1193    2647
1195    2647
1193    2647
1194    2647
1195    2647
1194    2647
1195    2647
1193    2647
1195    2647
1195    2647
1194    2647
1194    2647
1195    2647
1194    2647
1195    2647
1194    2647
1195    2647
1196    2647
1193    2647
1196    2647
1196    2647
1195    2647
1197    2647
1196    2647
1194    2647
1195    2647
1195    2647
1194    2647
1196    2647
1195    2647
1195    2647
1194    2647
1195    2645
1194    2645
1196    2645
1196    2645
1195    2645
1195    2645
1197    2645
1195    2645
1195    2645
1196    2645
1196    2645
1195    2645
1195    2645
1195    2645
1196    2645
1196    2644
1195    2644
1195    2645
1196    2644
1195    2644
1197    2644
1193    2644
1196    2644
1195    2644
1196    2644
1195    2644
1197    2641
1195    2641
1196    2641
1195    2644
1198    2641
1195    2641
1195    2641
1197    2641
1196    2641
1195    2640
1195    2640
1196    2640
1195    2640
1196    2639
1195    2639
1196    2639
1195    2640
1195    2639
1197    2639
1195    2639
1196    2639
1196    2639
1194    2639
1195    2639

1200    2760
1198    2760
1196    2760
1198    2760
1197    2761
1195    2761
1197    2761
1198    2761
1196    2761
1200    2762
1198    2761
1197    2760
1200    2762
1198    2761
1198    2761
1200    2762
1198    2762
1198    2761
1200    2762
1197    2761
1200    2762
1198    2763
1198    2761
1200    2762
1198    2762
1200    2762
1200    2763
1201    2762
1198    2761
1200    2762
1200    2762
1198    2762
1200    2762
1200    2763
1198    2761
1200    2762
1200    2763
1200    2761
1200    2763
1201    2762
1200    2762
1197    2761
1202    2761
1200    2761
1200    2761
1201    2761
1200    2762
1201    2761
1200    2761
1200    2761
1201    2761
1201    2761
1200    2761
1201    2760
1200    2761
1201    2760
1200    2761
1201    2760
1200    2760
1201    2760
1204    2760
1200    2760
1201    2760
1200    2760
1200    2760
1201    2760
1200    2760
1200    2760
1202    2760
1201    2760
1200    2760
1202    2760
1200    2760
1200    2760
1201    2760
1200    2757
1200    2757
1201    2760
1201    2757
1200    2756
1202    2756
1200    2756
1200    2756
1201    2756
1201    2756
1200    2756
1201    2755
1200    2756
1200    2755
1202    2755
1201    2755
1200    2755
1201    2755
1201    2755
1200    2755
1200    2755
1200    2755
1200    2755
1202    2755
1202    2755

1201    2867
1203    2867
1201    2867
1202    2868
1203    2867
1201    2868
1202    2868
1203    2868
1202    2867
1202    2868
1203    2868
1203    2868
1202    2868
1204    2868
1203    2869
1202    2868
1204    2868
1203    2868
1204    2869
1203    2868
1203    2868
1204    2869
1205    2868
1204    2869
1204    2868
1205    2869
1203    2868
1204    2868
1203    2868
1204    2868
1204    2868
1203    2868
1204    2868
1204    2868
1204    2868
1203    2868
1208    2869
1203    2868
1204    2868
1204    2868
1204    2868
1204    2868
1204    2868
1204    2867
1204    2867
1204    2868
1205    2867
1205    2867
1204    2867
1205    2867
1205    2868
1205    2867
1204    2867
1204    2867
1205    2867
1206    2867
1203    2867
1205    2867
1204    2867
1205    2867
1204    2867
1208    2867
1205    2867
1205    2867
1205    2867
1205    2865
1205    2866
1205    2865
1205    2865
1205    2866
1204    2865
1206    2865
1206    2865
1206    2864
1206    2864
1205    2865
1206    2865
1204    2865
1205    2864
1206    2864
1205    2864
1204    2864
1206    2864
1205    2864
1204    2864
1204    2864
1206    2864
1204    2864
1205    2864
1206    2864
1206    2864
1206    2864
1202    2861
1205    2861
1206    2860
1204    2861
1203    2860
1206    2861
1204    2860
1205    2860

1206    2985
1206    2985
1208    2986
1208    2986
1205    2987
1208    2986
1206    2987
1206    2987
1208    2987
1206    2987
1209    2987
1208    2987
1206    2987
1209    2987
1208    2987
1208    2987
1208    2987
1209    2987
1208    2987
1209    2987
1208    2987
1209    2987
1208    2987
1208    2987
1210    2987
1209    2987
1209    2987
1208    2987
1209    2987
1209    2987
1211    2987
1209    2987
1209    2987
1210    2987
1210    2987
1210    2987
1210    2987
1210    2987
1209    2987
1210    2987
1209    2987
1210    2987
1208    2987
1209    2987
1210    2987
1209    2987
1210    2987
1210    2987
1208    2987
1210    2986
1210    2987
1209    2986
1211    2986
1210    2987
1210    2986
1210    2985
1210    2985
1210    2985
1211    2985
1210    2985
1210    2985
1211    2985
1209    2985
1211    2985
1210    2984
1211    2984
1209    2984
1211    2984
1210    2984
1209    2984
1211    2984
1211    2984
1210    2984
1211    2984
1211    2984
1211    2984
1210    2984
1210    2984
1211    2984
1209    2981
1213    2984
1208    2984
1210    2981
1210    2981
1210    2981
1210    2980
1210    2981
1210    2979
1209    2981
1209    2980
1209    2979
1211    2980
1212    2980
1209    2979
1210    2980
1211    2979
1210    2979
1209    2979
1211    2979
1212    2979

# programma terminato!
