40.000000    0.000000
43.000000    0.000000
41.000000    0.000000
43.000000    0.000000
43.000000    0.000000
46.000000    2.000000
45.000000    1.000000
43.000000    0.000000
41.000000    0.000000
43.000000    0.000000
40.000000    0.000000
42.000000    0.000000
42.000000    1.000000
43.000000    0.000000
40.000000    0.000000
42.000000    1.000000
40.000000    1.000000
41.000000    0.000000
43.000000    0.000000
43.000000    0.000000
43.000000    0.000000
43.000000    0.000000
43.000000    0.000000
41.000000    0.000000
45.000000    0.000000
41.000000    2.000000
42.000000    0.000000
43.000000    0.000000
43.000000    1.000000
43.000000    1.000000
41.000000    1.000000
43.000000    0.000000
38.000000    0.000000
42.000000    0.000000
45.000000    1.000000
43.000000    0.000000
42.000000    0.000000
42.000000    0.000000
43.000000    0.000000
40.000000    0.000000
43.000000    0.000000
43.000000    0.000000
48.000000    0.000000
42.000000    1.000000
43.000000    0.000000
40.000000    0.000000
42.000000    0.000000
42.000000    1.000000
42.000000    1.000000
43.000000    0.000000
39.000000    1.000000
43.000000    0.000000
43.000000    0.000000
41.000000    1.000000
42.000000    0.000000
46.000000    0.000000
43.000000    1.000000
43.000000    0.000000
43.000000    0.000000
47.000000    0.000000
40.000000    1.000000
43.000000    0.000000
43.000000    0.000000
41.000000    1.000000
39.000000    0.000000
43.000000    0.000000
43.000000    0.000000
43.000000    0.000000
43.000000    0.000000
39.000000    0.000000
42.000000    0.000000
43.000000    0.000000
35.000000    0.000000
43.000000    2.000000
41.000000    0.000000
41.000000    0.000000
41.000000    0.000000
43.000000    0.000000
41.000000    0.000000
45.000000    0.000000
45.000000    1.000000
42.000000    1.000000
40.000000    1.000000
43.000000    0.000000
41.000000    1.000000
41.000000    1.000000
47.000000    1.000000
43.000000    1.000000
42.000000    0.000000
42.000000    2.000000
43.000000    0.000000
43.000000    0.000000
43.000000    1.000000
42.000000    0.000000
43.000000    0.000000
43.000000    0.000000
41.000000    0.000000
47.000000    0.000000
41.000000    1.000000
41.000000    0.000000
147.000000    0.000000
141.000000    0.000000
147.000000    0.000000
144.000000    0.000000
144.000000    0.000000
147.000000    0.000000
141.000000    0.000000
144.000000    0.000000
145.000000    0.000000
146.000000    0.000000
146.000000    0.000000
145.000000    0.000000
142.000000    0.000000
147.000000    0.000000
147.000000    0.000000
145.000000    0.000000
142.000000    0.000000
147.000000    0.000000
143.000000    0.000000
147.000000    0.000000
146.000000    0.000000
146.000000    0.000000
145.000000    0.000000
145.000000    0.000000
145.000000    0.000000
145.000000    0.000000
143.000000    0.000000
143.000000    0.000000
146.000000    0.000000
146.000000    0.000000
147.000000    0.000000
142.000000    0.000000
147.000000    0.000000
142.000000    0.000000
146.000000    0.000000
143.000000    0.000000
139.000000    0.000000
145.000000    0.000000
147.000000    0.000000
146.000000    0.000000
144.000000    0.000000
146.000000    0.000000
144.000000    0.000000
146.000000    0.000000
147.000000    0.000000
143.000000    0.000000
143.000000    0.000000
147.000000    0.000000
143.000000    0.000000
147.000000    0.000000
145.000000    0.000000
147.000000    0.000000
143.000000    0.000000
147.000000    0.000000
145.000000    0.000000
147.000000    0.000000
145.000000    0.000000
145.000000    0.000000
145.000000    0.000000
147.000000    0.000000
144.000000    0.000000
142.000000    0.000000
146.000000    0.000000
147.000000    0.000000
143.000000    0.000000
146.000000    0.000000
147.000000    0.000000
141.000000    0.000000
147.000000    0.000000
147.000000    0.000000
141.000000    1.000000
149.000000    0.000000
144.000000    0.000000
144.000000    0.000000
147.000000    0.000000
145.000000    0.000000
142.000000    0.000000
147.000000    0.000000
146.000000    0.000000
143.000000    0.000000
147.000000    0.000000
144.000000    0.000000
143.000000    0.000000
147.000000    0.000000
144.000000    0.000000
144.000000    0.000000
147.000000    0.000000
147.000000    0.000000
145.000000    0.000000
144.000000    0.000000
145.000000    0.000000
147.000000    0.000000
143.000000    0.000000
147.000000    0.000000
143.000000    0.000000
143.000000    0.000000
146.000000    0.000000
146.000000    0.000000
144.000000    0.000000
147.000000    0.000000
265.000000    0.000000
270.000000    0.000000
270.000000    0.000000
271.000000    0.000000
268.000000    1.000000
268.000000    0.000000
274.000000    1.000000
271.000000    1.000000
268.000000    1.000000
273.000000    1.000000
271.000000    0.000000
268.000000    1.000000
268.000000    1.000000
271.000000    1.000000
266.000000    1.000000
268.000000    1.000000
268.000000    1.000000
273.000000    0.000000
271.000000    0.000000
268.000000    0.000000
268.000000    0.000000
276.000000    1.000000
272.000000    0.000000
271.000000    0.000000
271.000000    0.000000
268.000000    1.000000
268.000000    1.000000
271.000000    0.000000
266.000000    1.000000
268.000000    0.000000
266.000000    0.000000
271.000000    1.000000
267.000000    0.000000
273.000000    0.000000
267.000000    1.000000
273.000000    0.000000
273.000000    0.000000
267.000000    1.000000
268.000000    0.000000
273.000000    0.000000
270.000000    1.000000
272.000000    1.000000
272.000000    1.000000
270.000000    1.000000
268.000000    1.000000
268.000000    0.000000
272.000000    1.000000
270.000000    1.000000
274.000000    0.000000
267.000000    0.000000
271.000000    0.000000
272.000000    0.000000
270.000000    0.000000
267.000000    0.000000
272.000000    1.000000
270.000000    0.000000
270.000000    1.000000
268.000000    1.000000
270.000000    1.000000
268.000000    0.000000
271.000000    0.000000
271.000000    0.000000
271.000000    0.000000
271.000000    1.000000
268.000000    1.000000
272.000000    0.000000
272.000000    1.000000
267.000000    1.000000
268.000000    1.000000
272.000000    0.000000
268.000000    1.000000
267.000000    0.000000
273.000000    1.000000
270.000000    0.000000
272.000000    0.000000
267.000000    0.000000
273.000000    0.000000
271.000000    0.000000
272.000000    1.000000
271.000000    0.000000
271.000000    0.000000
270.000000    0.000000
270.000000    1.000000
268.000000    0.000000
268.000000    0.000000
271.000000    0.000000
268.000000    1.000000
268.000000    0.000000
268.000000    1.000000
268.000000    0.000000
268.000000    0.000000
271.000000    0.000000
271.000000    0.000000
276.000000    0.000000
271.000000    0.000000
271.000000    0.000000
270.000000    0.000000
274.000000    1.000000
271.000000    1.000000
268.000000    1.000000
400.000000    0.000000
398.000000    0.000000
399.000000    0.000000
403.000000    0.000000
403.000000    0.000000
396.000000    0.000000
400.000000    0.000000
400.000000    0.000000
401.000000    0.000000
401.000000    0.000000
402.000000    0.000000
401.000000    0.000000
401.000000    0.000000
400.000000    0.000000
404.000000    0.000000
399.000000    0.000000
402.000000    0.000000
400.000000    0.000000
403.000000    0.000000
403.000000    0.000000
400.000000    0.000000
400.000000    0.000000
401.000000    0.000000
402.000000    0.000000
400.000000    0.000000
401.000000    0.000000
402.000000    0.000000
399.000000    0.000000
403.000000    0.000000
402.000000    0.000000
401.000000    0.000000
398.000000    0.000000
401.000000    0.000000
403.000000    0.000000
401.000000    0.000000
402.000000    0.000000
401.000000    0.000000
404.000000    0.000000
400.000000    0.000000
403.000000    0.000000
401.000000    0.000000
402.000000    0.000000
398.000000    0.000000
398.000000    0.000000
401.000000    0.000000
401.000000    0.000000
399.000000    0.000000
399.000000    0.000000
401.000000    0.000000
400.000000    0.000000
401.000000    0.000000
401.000000    0.000000
400.000000    0.000000
401.000000    0.000000
402.000000    0.000000
401.000000    0.000000
402.000000    0.000000
401.000000    0.000000
403.000000    0.000000
400.000000    0.000000
402.000000    0.000000
401.000000    0.000000
399.000000    0.000000
402.000000    0.000000
401.000000    0.000000
400.000000    0.000000
399.000000    0.000000
400.000000    0.000000
398.000000    0.000000
399.000000    0.000000
399.000000    0.000000
402.000000    0.000000
402.000000    0.000000
398.000000    0.000000
401.000000    0.000000
401.000000    0.000000
399.000000    0.000000
400.000000    0.000000
404.000000    0.000000
403.000000    0.000000
400.000000    0.000000
403.000000    0.000000
401.000000    0.000000
399.000000    0.000000
405.000000    0.000000
401.000000    0.000000
402.000000    0.000000
400.000000    0.000000
406.000000    0.000000
398.000000    0.000000
399.000000    0.000000
400.000000    0.000000
403.000000    0.000000
403.000000    0.000000
401.000000    0.000000
399.000000    0.000000
406.000000    0.000000
403.000000    0.000000
400.000000    0.000000
399.000000    0.000000
515.000000    0.000000
519.000000    0.000000
514.000000    0.000000
516.000000    0.000000
516.000000    0.000000
515.000000    0.000000
519.000000    0.000000
518.000000    0.000000
516.000000    0.000000
518.000000    0.000000
519.000000    0.000000
515.000000    0.000000
519.000000    0.000000
519.000000    0.000000
520.000000    0.000000
517.000000    0.000000
517.000000    0.000000
517.000000    0.000000
520.000000    0.000000
518.000000    0.000000
517.000000    0.000000
516.000000    0.000000
517.000000    0.000000
519.000000    0.000000
513.000000    0.000000
520.000000    0.000000
519.000000    0.000000
517.000000    0.000000
517.000000    0.000000
517.000000    0.000000
515.000000    0.000000
519.000000    0.000000
517.000000    0.000000
517.000000    0.000000
518.000000    0.000000
517.000000    0.000000
518.000000    0.000000
517.000000    0.000000
517.000000    0.000000
519.000000    0.000000
519.000000    0.000000
517.000000    0.000000
518.000000    0.000000
517.000000    0.000000
519.000000    0.000000
517.000000    0.000000
518.000000    0.000000
516.000000    0.000000
517.000000    0.000000
519.000000    0.000000
516.000000    0.000000
521.000000    0.000000
518.000000    0.000000
517.000000    0.000000
516.000000    0.000000
519.000000    0.000000
516.000000    0.000000
517.000000    0.000000
520.000000    0.000000
517.000000    0.000000
516.000000    0.000000
518.000000    0.000000
520.000000    0.000000
517.000000    0.000000
520.000000    0.000000
515.000000    0.000000
520.000000    0.000000
520.000000    0.000000
519.000000    0.000000
517.000000    0.000000
518.000000    0.000000
520.000000    0.000000
517.000000    0.000000
518.000000    0.000000
517.000000    0.000000
518.000000    0.000000
519.000000    0.000000
516.000000    0.000000
520.000000    0.000000
518.000000    0.000000
516.000000    0.000000
517.000000    0.000000
517.000000    0.000000
519.000000    0.000000
522.000000    0.000000
521.000000    0.000000
517.000000    0.000000
521.000000    0.000000
519.000000    0.000000
518.000000    0.000000
518.000000    0.000000
519.000000    0.000000
518.000000    0.000000
519.000000    0.000000
517.000000    0.000000
516.000000    0.000000
521.000000    0.000000
517.000000    0.000000
517.000000    0.000000
519.000000    0.000000
640.000000    0.000000
643.000000    0.000000
639.000000    0.000000
641.000000    0.000000
644.000000    1.000000
641.000000    1.000000
638.000000    0.000000
644.000000    1.000000
641.000000    2.000000
641.000000    1.000000
642.000000    1.000000
642.000000    1.000000
642.000000    1.000000
642.000000    1.000000
643.000000    0.000000
642.000000    1.000000
640.000000    0.000000
641.000000    0.000000
642.000000    0.000000
643.000000    1.000000
643.000000    0.000000
642.000000    1.000000
643.000000    0.000000
641.000000    0.000000
643.000000    1.000000
643.000000    0.000000
641.000000    1.000000
641.000000    1.000000
642.000000    1.000000
644.000000    0.000000
644.000000    1.000000
646.000000    0.000000
644.000000    0.000000
643.000000    0.000000
644.000000    0.000000
645.000000    0.000000
641.000000    0.000000
643.000000    0.000000
643.000000    0.000000
643.000000    1.000000
644.000000    0.000000
645.000000    0.000000
642.000000    2.000000
643.000000    0.000000
641.000000    0.000000
643.000000    1.000000
636.000000    0.000000
643.000000    0.000000
643.000000    1.000000
646.000000    1.000000
642.000000    0.000000
644.000000    1.000000
644.000000    0.000000
641.000000    1.000000
643.000000    0.000000
641.000000    1.000000
643.000000    1.000000
642.000000    0.000000
642.000000    0.000000
643.000000    0.000000
642.000000    1.000000
642.000000    2.000000
642.000000    0.000000
642.000000    1.000000
639.000000    0.000000
643.000000    0.000000
645.000000    1.000000
639.000000    0.000000
643.000000    0.000000
644.000000    1.000000
643.000000    0.000000
642.000000    0.000000
645.000000    0.000000
642.000000    0.000000
642.000000    0.000000
644.000000    0.000000
643.000000    0.000000
643.000000    0.000000
644.000000    1.000000
643.000000    1.000000
643.000000    0.000000
645.000000    0.000000
644.000000    0.000000
642.000000    0.000000
645.000000    1.000000
642.000000    0.000000
643.000000    0.000000
644.000000    0.000000
646.000000    0.000000
642.000000    0.000000
645.000000    1.000000
643.000000    0.000000
640.000000    1.000000
640.000000    0.000000
644.000000    0.000000
644.000000    1.000000
643.000000    0.000000
643.000000    0.000000
643.000000    0.000000
642.000000    1.000000
758.000000    5.000000
757.000000    5.000000
758.000000    6.000000
762.000000    5.000000
758.000000    6.000000
758.000000    5.000000
759.000000    5.000000
759.000000    6.000000
758.000000    5.000000
758.000000    5.000000
760.000000    6.000000
759.000000    5.000000
760.000000    5.000000
758.000000    5.000000
760.000000    5.000000
760.000000    5.000000
759.000000    6.000000
759.000000    5.000000
760.000000    5.000000
758.000000    6.000000
759.000000    6.000000
760.000000    5.000000
758.000000    5.000000
760.000000    5.000000
759.000000    5.000000
760.000000    5.000000
760.000000    5.000000
760.000000    5.000000
759.000000    6.000000
759.000000    5.000000
761.000000    5.000000
759.000000    7.000000
760.000000    5.000000
760.000000    6.000000
759.000000    6.000000
761.000000    5.000000
760.000000    5.000000
759.000000    5.000000
762.000000    5.000000
761.000000    5.000000
759.000000    5.000000
763.000000    5.000000
764.000000    5.000000
760.000000    6.000000
761.000000    5.000000
760.000000    5.000000
760.000000    6.000000
761.000000    5.000000
761.000000    5.000000
759.000000    5.000000
762.000000    5.000000
761.000000    6.000000
760.000000    5.000000
760.000000    5.000000
761.000000    4.000000
759.000000    5.000000
762.000000    6.000000
760.000000    6.000000
760.000000    5.000000
762.000000    5.000000
762.000000    5.000000
760.000000    6.000000
762.000000    5.000000
758.000000    6.000000
760.000000    5.000000
761.000000    5.000000
758.000000    5.000000
761.000000    5.000000
761.000000    6.000000
760.000000    6.000000
759.000000    5.000000
762.000000    4.000000
758.000000    6.000000
760.000000    3.000000
761.000000    6.000000
761.000000    5.000000
761.000000    6.000000
762.000000    5.000000
760.000000    5.000000
762.000000    5.000000
762.000000    5.000000
759.000000    5.000000
760.000000    5.000000
762.000000    5.000000
760.000000    6.000000
760.000000    6.000000
761.000000    5.000000
760.000000    6.000000
760.000000    6.000000
762.000000    5.000000
761.000000    6.000000
761.000000    5.000000
762.000000    5.000000
760.000000    5.000000
763.000000    6.000000
761.000000    5.000000
762.000000    5.000000
760.000000    5.000000
763.000000    5.000000
761.000000    6.000000
866.000000    26.000000
866.000000    26.000000
866.000000    27.000000
868.000000    26.000000
866.000000    26.000000
869.000000    26.000000
867.000000    27.000000
868.000000    26.000000
866.000000    26.000000
868.000000    27.000000
867.000000    26.000000
868.000000    26.000000
866.000000    26.000000
868.000000    26.000000
868.000000    26.000000
868.000000    25.000000
868.000000    27.000000
864.000000    25.000000
872.000000    26.000000
867.000000    26.000000
867.000000    26.000000
868.000000    26.000000
868.000000    26.000000
869.000000    26.000000
867.000000    27.000000
868.000000    26.000000
868.000000    26.000000
869.000000    26.000000
867.000000    26.000000
870.000000    26.000000
868.000000    27.000000
867.000000    26.000000
868.000000    26.000000
869.000000    26.000000
866.000000    27.000000
868.000000    26.000000
869.000000    27.000000
868.000000    26.000000
869.000000    27.000000
869.000000    26.000000
869.000000    26.000000
870.000000    27.000000
868.000000    26.000000
871.000000    26.000000
868.000000    27.000000
869.000000    26.000000
871.000000    27.000000
868.000000    26.000000
868.000000    26.000000
870.000000    27.000000
868.000000    26.000000
869.000000    26.000000
871.000000    26.000000
867.000000    26.000000
869.000000    27.000000
868.000000    26.000000
867.000000    27.000000
872.000000    26.000000
872.000000    26.000000
870.000000    26.000000
869.000000    26.000000
871.000000    25.000000
869.000000    26.000000
870.000000    26.000000
869.000000    26.000000
869.000000    26.000000
868.000000    26.000000
870.000000    26.000000
868.000000    26.000000
867.000000    26.000000
868.000000    26.000000
868.000000    26.000000
868.000000    26.000000
871.000000    25.000000
870.000000    26.000000
868.000000    26.000000
870.000000    26.000000
869.000000    26.000000
868.000000    26.000000
870.000000    26.000000
869.000000    25.000000
868.000000    27.000000
871.000000    26.000000
869.000000    27.000000
868.000000    26.000000
871.000000    27.000000
870.000000    26.000000
869.000000    26.000000
871.000000    26.000000
870.000000    26.000000
870.000000    26.000000
869.000000    26.000000
869.000000    26.000000
869.000000    25.000000
868.000000    26.000000
871.000000    25.000000
869.000000    27.000000
869.000000    26.000000
871.000000    26.000000
869.000000    26.000000
932.000000    77.000000
932.000000    77.000000
933.000000    77.000000
932.000000    77.000000
935.000000    77.000000
931.000000    77.000000
935.000000    77.000000
935.000000    78.000000
933.000000    77.000000
933.000000    77.000000
933.000000    77.000000
933.000000    77.000000
933.000000    78.000000
935.000000    78.000000
932.000000    78.000000
935.000000    77.000000
933.000000    77.000000
935.000000    78.000000
936.000000    76.000000
934.000000    77.000000
933.000000    77.000000
935.000000    78.000000
935.000000    77.000000
935.000000    78.000000
935.000000    77.000000
935.000000    77.000000
935.000000    77.000000
935.000000    77.000000
935.000000    78.000000
933.000000    77.000000
935.000000    77.000000
932.000000    77.000000
935.000000    77.000000
935.000000    77.000000
928.000000    76.000000
937.000000    78.000000
935.000000    77.000000
935.000000    76.000000
936.000000    78.000000
935.000000    78.000000
936.000000    78.000000
935.000000    77.000000
935.000000    78.000000
936.000000    77.000000
935.000000    77.000000
935.000000    77.000000
937.000000    78.000000
935.000000    78.000000
935.000000    77.000000
936.000000    78.000000
935.000000    77.000000
934.000000    78.000000
935.000000    77.000000
935.000000    77.000000
935.000000    78.000000
937.000000    78.000000
935.000000    77.000000
936.000000    78.000000
935.000000    78.000000
935.000000    77.000000
936.000000    77.000000
935.000000    78.000000
936.000000    77.000000
935.000000    78.000000
935.000000    77.000000
935.000000    77.000000
935.000000    77.000000
937.000000    77.000000
937.000000    77.000000
936.000000    78.000000
935.000000    78.000000
937.000000    77.000000
935.000000    76.000000
929.000000    76.000000
935.000000    77.000000
936.000000    78.000000
935.000000    76.000000
937.000000    78.000000
936.000000    77.000000
935.000000    77.000000
938.000000    77.000000
935.000000    77.000000
938.000000    78.000000
935.000000    77.000000
935.000000    77.000000
936.000000    78.000000
935.000000    77.000000
937.000000    77.000000
936.000000    77.000000
936.000000    77.000000
935.000000    77.000000
937.000000    78.000000
935.000000    77.000000
935.000000    77.000000
937.000000    78.000000
936.000000    77.000000
937.000000    77.000000
935.000000    78.000000
935.000000    77.000000
936.000000    78.000000
971.000000    152.000000
970.000000    152.000000
972.000000    152.000000
972.000000    152.000000
971.000000    152.000000
971.000000    152.000000
971.000000    152.000000
970.000000    152.000000
971.000000    152.000000
972.000000    152.000000
972.000000    152.000000
973.000000    152.000000
975.000000    153.000000
972.000000    152.000000
972.000000    152.000000
973.000000    152.000000
975.000000    152.000000
973.000000    153.000000
972.000000    152.000000
973.000000    152.000000
971.000000    152.000000
971.000000    152.000000
971.000000    153.000000
975.000000    152.000000
972.000000    152.000000
971.000000    152.000000
972.000000    152.000000
974.000000    152.000000
973.000000    152.000000
975.000000    152.000000
973.000000    152.000000
975.000000    152.000000
975.000000    152.000000
973.000000    152.000000
975.000000    151.000000
970.000000    152.000000
971.000000    153.000000
975.000000    153.000000
975.000000    152.000000
975.000000    152.000000
973.000000    152.000000
975.000000    152.000000
973.000000    152.000000
975.000000    152.000000
973.000000    152.000000
975.000000    152.000000
975.000000    152.000000
975.000000    153.000000
973.000000    152.000000
975.000000    152.000000
975.000000    152.000000
975.000000    152.000000
973.000000    152.000000
975.000000    151.000000
975.000000    152.000000
975.000000    152.000000
975.000000    152.000000
972.000000    153.000000
975.000000    152.000000
975.000000    152.000000
972.000000    152.000000
975.000000    152.000000
975.000000    153.000000
975.000000    152.000000
975.000000    152.000000
975.000000    152.000000
975.000000    151.000000
975.000000    152.000000
975.000000    152.000000
975.000000    152.000000
975.000000    153.000000
975.000000    152.000000
975.000000    152.000000
973.000000    152.000000
969.000000    152.000000
975.000000    152.000000
975.000000    152.000000
975.000000    152.000000
975.000000    152.000000
973.000000    152.000000
975.000000    152.000000
975.000000    152.000000
975.000000    151.000000
975.000000    151.000000
975.000000    152.000000
973.000000    151.000000
975.000000    152.000000
975.000000    151.000000
972.000000    152.000000
975.000000    152.000000
975.000000    152.000000
976.000000    152.000000
973.000000    152.000000
975.000000    152.000000
975.000000    151.000000
975.000000    152.000000
975.000000    151.000000
975.000000    152.000000
975.000000    152.000000
975.000000    152.000000
1000.000000    250.000000
1002.000000    250.000000
1000.000000    249.000000
1002.000000    249.000000
1002.000000    249.000000
1000.000000    250.000000
1001.000000    250.000000
1003.000000    250.000000
1001.000000    250.000000
1002.000000    250.000000
1002.000000    249.000000
1001.000000    250.000000
1003.000000    250.000000
1001.000000    250.000000
1002.000000    250.000000
1002.000000    249.000000
1003.000000    250.000000
1003.000000    249.000000
1002.000000    250.000000
1001.000000    250.000000
1002.000000    250.000000
1003.000000    250.000000
1003.000000    250.000000
1004.000000    250.000000
1002.000000    250.000000
1002.000000    249.000000
1003.000000    249.000000
1002.000000    249.000000
1004.000000    250.000000
1004.000000    250.000000
1002.000000    249.000000
1004.000000    250.000000
1003.000000    249.000000
1004.000000    249.000000
1003.000000    249.000000
1004.000000    249.000000
1002.000000    250.000000
1004.000000    249.000000
1003.000000    250.000000
1002.000000    249.000000
1003.000000    250.000000
1003.000000    249.000000
1004.000000    250.000000
1003.000000    249.000000
1004.000000    249.000000
1002.000000    249.000000
1002.000000    249.000000
1003.000000    250.000000
1005.000000    250.000000
1004.000000    249.000000
1004.000000    250.000000
1005.000000    250.000000
1004.000000    250.000000
1004.000000    250.000000
1002.000000    249.000000
1005.000000    249.000000
1003.000000    250.000000
1004.000000    249.000000
1004.000000    249.000000
1004.000000    249.000000
1003.000000    249.000000
1004.000000    249.000000
1005.000000    249.000000
1004.000000    250.000000
1003.000000    249.000000
1005.000000    250.000000
1003.000000    249.000000
1004.000000    249.000000
1004.000000    250.000000
1004.000000    249.000000
1004.000000    249.000000
1005.000000    250.000000
1003.000000    249.000000
1004.000000    249.000000
1003.000000    249.000000
1003.000000    249.000000
1003.000000    248.000000
1005.000000    250.000000
1002.000000    249.000000
1004.000000    249.000000
1002.000000    248.000000
1004.000000    250.000000
1004.000000    249.000000
1003.000000    249.000000
1004.000000    249.000000
1004.000000    249.000000
1004.000000    249.000000
1004.000000    249.000000
1004.000000    249.000000
1003.000000    250.000000
1003.000000    248.000000
1002.000000    249.000000
1005.000000    249.000000
1002.000000    248.000000
1004.000000    249.000000
1005.000000    249.000000
1003.000000    249.000000
1004.000000    249.000000
1004.000000    249.000000
1003.000000    249.000000
1022.000000    349.000000
1022.000000    348.000000
1024.000000    349.000000
1024.000000    348.000000
1021.000000    347.000000
1024.000000    348.000000
1022.000000    348.000000
1023.000000    348.000000
1024.000000    348.000000
1025.000000    348.000000
1021.000000    348.000000
1022.000000    348.000000
1023.000000    348.000000
1023.000000    348.000000
1024.000000    349.000000
1024.000000    349.000000
1024.000000    349.000000
1024.000000    349.000000
1024.000000    348.000000
1025.000000    349.000000
1022.000000    349.000000
1025.000000    349.000000
1025.000000    349.000000
1024.000000    348.000000
1024.000000    348.000000
1025.000000    349.000000
1025.000000    348.000000
1024.000000    349.000000
1024.000000    348.000000
1024.000000    348.000000
1023.000000    348.000000
1024.000000    348.000000
1025.000000    348.000000
1024.000000    349.000000
1025.000000    348.000000
1025.000000    349.000000
1024.000000    348.000000
1025.000000    348.000000
1025.000000    349.000000
1024.000000    347.000000
1024.000000    348.000000
1026.000000    348.000000
1024.000000    348.000000
1024.000000    348.000000
1027.000000    348.000000
1024.000000    348.000000
1025.000000    348.000000
1027.000000    349.000000
1025.000000    348.000000
1025.000000    349.000000
1024.000000    349.000000
1025.000000    348.000000
1024.000000    348.000000
1024.000000    348.000000
1024.000000    349.000000
1027.000000    348.000000
1025.000000    348.000000
1025.000000    349.000000
1025.000000    348.000000
1025.000000    347.000000
1026.000000    348.000000
1026.000000    348.000000
1024.000000    349.000000
1025.000000    348.000000
1027.000000    348.000000
1025.000000    348.000000
1024.000000    348.000000
1027.000000    348.000000
1026.000000    349.000000
1024.000000    348.000000
1026.000000    349.000000
1024.000000    348.000000
1026.000000    348.000000
1024.000000    348.000000
1026.000000    348.000000
1025.000000    349.000000
1026.000000    347.000000
1025.000000    348.000000
1024.000000    348.000000
1025.000000    348.000000
1025.000000    348.000000
1027.000000    348.000000
1026.000000    347.000000
1025.000000    348.000000
1026.000000    348.000000
1025.000000    348.000000
1026.000000    347.000000
1024.000000    347.000000
1026.000000    347.000000
1026.000000    348.000000
1026.000000    348.000000
1027.000000    348.000000
1025.000000    347.000000
1026.000000    347.000000
1027.000000    347.000000
1027.000000    348.000000
1024.000000    348.000000
1025.000000    347.000000
1027.000000    347.000000
1026.000000    348.000000
1040.000000    449.000000
1041.000000    449.000000
1039.000000    449.000000
1033.000000    448.000000
1044.000000    450.000000
1038.000000    449.000000
1038.000000    448.000000
1041.000000    449.000000
1038.000000    449.000000
1040.000000    449.000000
1040.000000    449.000000
1040.000000    449.000000
1040.000000    448.000000
1042.000000    449.000000
1039.000000    449.000000
1038.000000    449.000000
1040.000000    449.000000
1040.000000    449.000000
1040.000000    449.000000
1041.000000    449.000000
1040.000000    449.000000
1041.000000    450.000000
1041.000000    449.000000
1045.000000    449.000000
1040.000000    449.000000
1042.000000    449.000000
1040.000000    449.000000
1040.000000    449.000000
1041.000000    449.000000
1042.000000    449.000000
1040.000000    448.000000
1042.000000    449.000000
1043.000000    449.000000
1041.000000    450.000000
1042.000000    449.000000
1042.000000    449.000000
1041.000000    449.000000
1042.000000    448.000000
1041.000000    449.000000
1041.000000    449.000000
1042.000000    449.000000
1041.000000    449.000000
1035.000000    448.000000
1046.000000    449.000000
1042.000000    449.000000
1041.000000    448.000000
1040.000000    449.000000
1042.000000    450.000000
1041.000000    448.000000
1041.000000    449.000000
1042.000000    449.000000
1043.000000    449.000000
1041.000000    449.000000
1042.000000    449.000000
1042.000000    449.000000
1042.000000    449.000000
1042.000000    449.000000
1043.000000    448.000000
1042.000000    449.000000
1042.000000    448.000000
1041.000000    449.000000
1043.000000    449.000000
1044.000000    448.000000
1041.000000    449.000000
1043.000000    448.000000
1041.000000    448.000000
1042.000000    448.000000
1041.000000    448.000000
1043.000000    448.000000
1043.000000    449.000000
1042.000000    448.000000
1042.000000    449.000000
1042.000000    448.000000
1041.000000    448.000000
1041.000000    449.000000
1041.000000    448.000000
1042.000000    448.000000
1041.000000    449.000000
1042.000000    448.000000
1043.000000    448.000000
1041.000000    448.000000
1036.000000    447.000000
1046.000000    449.000000
1042.000000    449.000000
1042.000000    448.000000
1043.000000    448.000000
1041.000000    448.000000
1041.000000    448.000000
1042.000000    447.000000
1043.000000    448.000000
1041.000000    448.000000
1042.000000    448.000000
1042.000000    448.000000
1042.000000    448.000000
1043.000000    448.000000
1041.000000    448.000000
1042.000000    448.000000
1041.000000    447.000000
1043.000000    449.000000
1041.000000    448.000000
1053.000000    547.000000
1053.000000    548.000000
1050.000000    547.000000
1053.000000    547.000000
1052.000000    547.000000
1051.000000    548.000000
1053.000000    547.000000
1053.000000    548.000000
1052.000000    547.000000
1054.000000    548.000000
1054.000000    547.000000
1051.000000    547.000000
1053.000000    548.000000
1055.000000    548.000000
1052.000000    547.000000
1056.000000    547.000000
1054.000000    548.000000
1053.000000    547.000000
1053.000000    547.000000
1055.000000    547.000000
1052.000000    548.000000
1054.000000    548.000000
1052.000000    547.000000
1053.000000    548.000000
1054.000000    547.000000
1053.000000    548.000000
1054.000000    547.000000
1054.000000    547.000000
1056.000000    548.000000
1054.000000    547.000000
1054.000000    547.000000
1053.000000    547.000000
1054.000000    548.000000
1055.000000    547.000000
1047.000000    547.000000
1058.000000    546.000000
1054.000000    547.000000
1056.000000    547.000000
1054.000000    547.000000
1055.000000    547.000000
1054.000000    547.000000
1056.000000    547.000000
1053.000000    547.000000
1055.000000    547.000000
1055.000000    547.000000
1054.000000    547.000000
1053.000000    547.000000
1054.000000    547.000000
1054.000000    547.000000
1054.000000    547.000000
1054.000000    547.000000
1053.000000    547.000000
1056.000000    547.000000
1054.000000    547.000000
1058.000000    546.000000
1054.000000    547.000000
1055.000000    546.000000
1053.000000    547.000000
1056.000000    547.000000
1054.000000    547.000000
1054.000000    547.000000
1054.000000    547.000000
1056.000000    547.000000
1056.000000    547.000000
1054.000000    546.000000
1058.000000    547.000000
1054.000000    547.000000
1055.000000    547.000000
1056.000000    546.000000
1055.000000    547.000000
1055.000000    546.000000
1055.000000    546.000000
1055.000000    547.000000
1048.000000    547.000000
1058.000000    546.000000
1053.000000    546.000000
1053.000000    546.000000
1054.000000    546.000000
1054.000000    547.000000
1055.000000    546.000000
1055.000000    546.000000
1055.000000    546.000000
1054.000000    546.000000
1056.000000    546.000000
1054.000000    546.000000
1054.000000    546.000000
1056.000000    546.000000
1054.000000    547.000000
1056.000000    547.000000
1056.000000    546.000000
1055.000000    546.000000
1057.000000    546.000000
1056.000000    546.000000
1060.000000    546.000000
1054.000000    546.000000
1057.000000    546.000000
1054.000000    546.000000
1056.000000    545.000000
1054.000000    546.000000
1055.000000    546.000000
1065.000000    663.000000
1065.000000    661.000000
1066.000000    662.000000
1064.000000    663.000000
1066.000000    661.000000
1068.000000    663.000000
1065.000000    663.000000
1067.000000    663.000000
1066.000000    663.000000
1067.000000    663.000000
1066.000000    663.000000
1067.000000    663.000000
1066.000000    663.000000
1068.000000    662.000000
1064.000000    663.000000
1066.000000    663.000000
1066.000000    663.000000
1066.000000    661.000000
1066.000000    663.000000
1067.000000    661.000000
1067.000000    663.000000
1067.000000    663.000000
1068.000000    663.000000
1067.000000    663.000000
1068.000000    663.000000
1068.000000    663.000000
1067.000000    663.000000
1069.000000    663.000000
1066.000000    661.000000
1067.000000    663.000000
1068.000000    663.000000
1067.000000    663.000000
1067.000000    663.000000
1068.000000    663.000000
1068.000000    661.000000
1067.000000    663.000000
1070.000000    662.000000
1067.000000    663.000000
1067.000000    663.000000
1071.000000    663.000000
1068.000000    661.000000
1067.000000    663.000000
1070.000000    663.000000
1067.000000    663.000000
1069.000000    663.000000
1068.000000    661.000000
1068.000000    662.000000
1068.000000    662.000000
1068.000000    661.000000
1068.000000    663.000000
1068.000000    663.000000
1067.000000    663.000000
1066.000000    663.000000
1069.000000    662.000000
1069.000000    661.000000
1068.000000    661.000000
1070.000000    663.000000
1069.000000    663.000000
1069.000000    661.000000
1069.000000    663.000000
1069.000000    661.000000
1069.000000    661.000000
1069.000000    662.000000
1068.000000    661.000000
1067.000000    660.000000
1069.000000    663.000000
1067.000000    661.000000
1068.000000    662.000000
1067.000000    661.000000
1069.000000    661.000000
1068.000000    663.000000
1068.000000    661.000000
1069.000000    661.000000
1069.000000    661.000000
1067.000000    661.000000
1067.000000    661.000000
1069.000000    662.000000
1067.000000    661.000000
1069.000000    660.000000
1067.000000    661.000000
1069.000000    661.000000
1066.000000    661.000000
1068.000000    661.000000
1068.000000    661.000000
1068.000000    660.000000
1067.000000    659.000000
1068.000000    661.000000
1069.000000    660.000000
1068.000000    660.000000
1070.000000    660.000000
1069.000000    660.000000
1071.000000    661.000000
1068.000000    660.000000
1070.000000    660.000000
1068.000000    660.000000
1067.000000    661.000000
1071.000000    660.000000
1067.000000    660.000000
1068.000000    660.000000
1069.000000    660.000000
1076.000000    764.000000
1074.000000    766.000000
1074.000000    765.000000
1077.000000    766.000000
1074.000000    766.000000
1076.000000    765.000000
1076.000000    765.000000
1076.000000    766.000000
1076.000000    766.000000
1080.000000    765.000000
1076.000000    766.000000
1076.000000    765.000000
1077.000000    766.000000
1077.000000    765.000000
1080.000000    765.000000
1076.000000    765.000000
1077.000000    766.000000
1076.000000    766.000000
1077.000000    765.000000
1077.000000    766.000000
1077.000000    765.000000
1077.000000    765.000000
1077.000000    766.000000
1077.000000    765.000000
1078.000000    765.000000
1077.000000    766.000000
1077.000000    766.000000
1077.000000    765.000000
1078.000000    765.000000
1077.000000    766.000000
1077.000000    765.000000
1078.000000    766.000000
1077.000000    765.000000
1077.000000    765.000000
1081.000000    765.000000
1077.000000    766.000000
1078.000000    766.000000
1077.000000    766.000000
1078.000000    766.000000
1077.000000    765.000000
1078.000000    765.000000
1078.000000    765.000000
1077.000000    765.000000
1080.000000    765.000000
1079.000000    766.000000
1078.000000    766.000000
1078.000000    765.000000
1078.000000    765.000000
1078.000000    765.000000
1080.000000    765.000000
1080.000000    765.000000
1078.000000    765.000000
1079.000000    764.000000
1083.000000    765.000000
1078.000000    765.000000
1080.000000    765.000000
1078.000000    764.000000
1080.000000    764.000000
1078.000000    765.000000
1078.000000    765.000000
1080.000000    765.000000
1079.000000    764.000000
1077.000000    765.000000
1078.000000    764.000000
1080.000000    765.000000
1080.000000    765.000000
1077.000000    764.000000
1078.000000    764.000000
1078.000000    765.000000
1077.000000    765.000000
1078.000000    764.000000
1080.000000    764.000000
1077.000000    765.000000
1078.000000    765.000000
1078.000000    764.000000
1077.000000    764.000000
1078.000000    764.000000
1079.000000    765.000000
1078.000000    765.000000
1080.000000    765.000000
1078.000000    764.000000
1077.000000    764.000000
1079.000000    763.000000
1078.000000    763.000000
1078.000000    765.000000
1080.000000    764.000000
1080.000000    764.000000
1079.000000    764.000000
1080.000000    764.000000
1078.000000    763.000000
1079.000000    764.000000
1079.000000    763.000000
1078.000000    764.000000
1079.000000    763.000000
1080.000000    763.000000
1079.000000    764.000000
1081.000000    764.000000
1080.000000    763.000000
1078.000000    764.000000
1080.000000    763.000000
1084.000000    867.000000
1085.000000    867.000000
1085.000000    867.000000
1087.000000    867.000000
1085.000000    867.000000
1091.000000    867.000000
1086.000000    868.000000
1088.000000    869.000000
1086.000000    868.000000
1087.000000    867.000000
1087.000000    868.000000
1085.000000    867.000000
1087.000000    868.000000
1087.000000    868.000000
1086.000000    868.000000
1087.000000    868.000000
1088.000000    868.000000
1086.000000    868.000000
1088.000000    868.000000
1087.000000    868.000000
1088.000000    868.000000
1088.000000    868.000000
1086.000000    868.000000
1088.000000    868.000000
1086.000000    868.000000
1088.000000    867.000000
1088.000000    868.000000
1088.000000    868.000000
1088.000000    868.000000
1089.000000    869.000000
1088.000000    868.000000
1088.000000    868.000000
1086.000000    868.000000
1088.000000    868.000000
1088.000000    868.000000
1087.000000    868.000000
1089.000000    867.000000
1089.000000    868.000000
1087.000000    868.000000
1089.000000    868.000000
1087.000000    868.000000
1088.000000    868.000000
1087.000000    868.000000
1088.000000    867.000000
1092.000000    867.000000
1088.000000    867.000000
1088.000000    868.000000
1090.000000    867.000000
1090.000000    868.000000
1088.000000    867.000000
1091.000000    868.000000
1088.000000    867.000000
1088.000000    867.000000
1088.000000    867.000000
1086.000000    868.000000
1087.000000    867.000000
1089.000000    867.000000
1088.000000    868.000000
1088.000000    867.000000
1090.000000    867.000000
1088.000000    867.000000
1088.000000    867.000000
1089.000000    867.000000
1089.000000    867.000000
1088.000000    867.000000
1089.000000    867.000000
1090.000000    866.000000
1087.000000    867.000000
1089.000000    867.000000
1089.000000    867.000000
1088.000000    867.000000
1088.000000    866.000000
1089.000000    867.000000
1088.000000    867.000000
1089.000000    867.000000
1089.000000    866.000000
1088.000000    866.000000
1090.000000    866.000000
1088.000000    867.000000
1090.000000    867.000000
1088.000000    867.000000
1090.000000    867.000000
1089.000000    866.000000
1092.000000    866.000000
1089.000000    867.000000
1089.000000    866.000000
1089.000000    866.000000
1089.000000    867.000000
1089.000000    866.000000
1088.000000    866.000000
1089.000000    866.000000
1088.000000    866.000000
1089.000000    866.000000
1089.000000    867.000000
1089.000000    866.000000
1090.000000    866.000000
1088.000000    866.000000
1090.000000    865.000000
1090.000000    866.000000
1089.000000    866.000000
1096.000000    984.000000
1096.000000    985.000000
1095.000000    986.000000
1095.000000    986.000000
1096.000000    985.000000
1096.000000    986.000000
1094.000000    985.000000
1096.000000    985.000000
1097.000000    986.000000
1095.000000    986.000000
1098.000000    986.000000
1097.000000    986.000000
1096.000000    986.000000
1098.000000    986.000000
1097.000000    985.000000
1096.000000    986.000000
1096.000000    986.000000
1100.000000    986.000000
1098.000000    985.000000
1097.000000    987.000000
1099.000000    986.000000
1097.000000    987.000000
1098.000000    986.000000
1097.000000    986.000000
1099.000000    986.000000
1097.000000    986.000000
1098.000000    986.000000
1098.000000    987.000000
1099.000000    986.000000
1097.000000    987.000000
1098.000000    986.000000
1098.000000    986.000000
1098.000000    987.000000
1099.000000    987.000000
1098.000000    986.000000
1099.000000    987.000000
1100.000000    987.000000
1098.000000    986.000000
1100.000000    986.000000
1100.000000    986.000000
1099.000000    986.000000
1098.000000    986.000000
1101.000000    986.000000
1097.000000    986.000000
1099.000000    985.000000
1100.000000    986.000000
1100.000000    986.000000
1099.000000    986.000000
1101.000000    986.000000
1098.000000    986.000000
1098.000000    986.000000
1101.000000    986.000000
1098.000000    986.000000
1100.000000    986.000000
1099.000000    985.000000
1098.000000    986.000000
1101.000000    986.000000
1092.000000    985.000000
1098.000000    986.000000
1101.000000    986.000000
1099.000000    986.000000
1100.000000    986.000000
1100.000000    986.000000
1099.000000    986.000000
1100.000000    986.000000
1098.000000    986.000000
1100.000000    985.000000
1100.000000    985.000000
1100.000000    985.000000
1098.000000    985.000000
1101.000000    985.000000
1099.000000    986.000000
1098.000000    986.000000
1101.000000    986.000000
1099.000000    986.000000
1100.000000    986.000000
1101.000000    985.000000
1100.000000    985.000000
1099.000000    985.000000
1099.000000    985.000000
1100.000000    986.000000
1099.000000    985.000000
1101.000000    985.000000
1099.000000    985.000000
1100.000000    985.000000
1101.000000    985.000000
1100.000000    985.000000
1100.000000    985.000000
1101.000000    985.000000
1100.000000    985.000000
1100.000000    985.000000
1102.000000    985.000000
1099.000000    985.000000
1100.000000    985.000000
1100.000000    985.000000
1101.000000    985.000000
1094.000000    985.000000
1100.000000    985.000000
1101.000000    985.000000
1101.000000    985.000000
1106.000000    1093.000000
1105.000000    1093.000000
1108.000000    1092.000000
1106.000000    1092.000000
1107.000000    1093.000000
1104.000000    1093.000000
1106.000000    1092.000000
1105.000000    1093.000000
1107.000000    1093.000000
1105.000000    1093.000000
1108.000000    1093.000000
1107.000000    1092.000000
1105.000000    1093.000000
1108.000000    1093.000000
1106.000000    1092.000000
1107.000000    1093.000000
1106.000000    1093.000000
1107.000000    1093.000000
1107.000000    1092.000000
1108.000000    1093.000000
1107.000000    1093.000000
1104.000000    1093.000000
1112.000000    1093.000000
1108.000000    1093.000000
1108.000000    1092.000000
1108.000000    1093.000000
1107.000000    1093.000000
1108.000000    1092.000000
1108.000000    1093.000000
1108.000000    1092.000000
1109.000000    1093.000000
1107.000000    1093.000000
1108.000000    1092.000000
1108.000000    1093.000000
1108.000000    1093.000000
1106.000000    1093.000000
1108.000000    1093.000000
1109.000000    1093.000000
1108.000000    1093.000000
1108.000000    1092.000000
1108.000000    1092.000000
1113.000000    1092.000000
1108.000000    1093.000000
1107.000000    1093.000000
1110.000000    1093.000000
1108.000000    1093.000000
1108.000000    1092.000000
1109.000000    1092.000000
1109.000000    1092.000000
1108.000000    1093.000000
1108.000000    1092.000000
1109.000000    1092.000000
1109.000000    1092.000000
1107.000000    1093.000000
1109.000000    1092.000000
1108.000000    1093.000000
1109.000000    1092.000000
1109.000000    1092.000000
1111.000000    1092.000000
1109.000000    1093.000000
1104.000000    1092.000000
1114.000000    1092.000000
1109.000000    1091.000000
1109.000000    1091.000000
1111.000000    1092.000000
1111.000000    1092.000000
1108.000000    1092.000000
1109.000000    1092.000000
1109.000000    1092.000000
1109.000000    1092.000000
1107.000000    1091.000000
1112.000000    1091.000000
1110.000000    1092.000000
1109.000000    1091.000000
1107.000000    1092.000000
1110.000000    1091.000000
1109.000000    1091.000000
1107.000000    1092.000000
1110.000000    1091.000000
1111.000000    1092.000000
1113.000000    1091.000000
1109.000000    1091.000000
1110.000000    1090.000000
1108.000000    1090.000000
1109.000000    1091.000000
1108.000000    1090.000000
1112.000000    1091.000000
1108.000000    1091.000000
1109.000000    1090.000000
1109.000000    1091.000000
1109.000000    1091.000000
1106.000000    1090.000000
1109.000000    1090.000000
1110.000000    1090.000000
1108.000000    1090.000000
1110.000000    1091.000000
1109.000000    1090.000000
1110.000000    1090.000000
1110.000000    1090.000000
1104.000000    1090.000000
1112.000000    1198.000000
1112.000000    1198.000000
1113.000000    1198.000000
1114.000000    1199.000000
1112.000000    1199.000000
1115.000000    1199.000000
1114.000000    1199.000000
1113.000000    1199.000000
1114.000000    1198.000000
1115.000000    1199.000000
1114.000000    1199.000000
1114.000000    1199.000000
1115.000000    1199.000000
1115.000000    1198.000000
1115.000000    1199.000000
1114.000000    1199.000000
1114.000000    1199.000000
1116.000000    1199.000000
1114.000000    1199.000000
1116.000000    1199.000000
1116.000000    1200.000000
1115.000000    1200.000000
1115.000000    1199.000000
1114.000000    1200.000000
1116.000000    1199.000000
1114.000000    1199.000000
1115.000000    1199.000000
1115.000000    1199.000000
1114.000000    1199.000000
1116.000000    1199.000000
1116.000000    1199.000000
1115.000000    1199.000000
1115.000000    1199.000000
1114.000000    1199.000000
1115.000000    1198.000000
1116.000000    1199.000000
1115.000000    1199.000000
1116.000000    1199.000000
1115.000000    1198.000000
1115.000000    1198.000000
1116.000000    1199.000000
1118.000000    1199.000000
1117.000000    1200.000000
1116.000000    1199.000000
1116.000000    1198.000000
1122.000000    1305.000000
1120.000000    1304.000000
1122.000000    1304.000000
1120.000000    1305.000000
1121.000000    1305.000000
1122.000000    1305.000000
1122.000000    1305.000000
1120.000000    1304.000000
1122.000000    1305.000000
1122.000000    1305.000000
1120.000000    1305.000000
1121.000000    1304.000000
1123.000000    1305.000000
1122.000000    1308.000000
1121.000000    1305.000000
1124.000000    1308.000000
1121.000000    1305.000000
1123.000000    1308.000000
1121.000000    1308.000000
1123.000000    1308.000000
1122.000000    1308.000000
1123.000000    1308.000000
1122.000000    1308.000000
1122.000000    1305.000000
1123.000000    1308.000000
1122.000000    1308.000000
1121.000000    1308.000000
1124.000000    1308.000000
1122.000000    1308.000000
1122.000000    1305.000000
1124.000000    1306.000000
1121.000000    1308.000000
1122.000000    1305.000000
1124.000000    1308.000000
1124.000000    1308.000000
1122.000000    1305.000000
1125.000000    1308.000000
1123.000000    1305.000000
1123.000000    1308.000000
1124.000000    1305.000000
1123.000000    1305.000000
1125.000000    1308.000000
1126.000000    1308.000000
1124.000000    1305.000000
1124.000000    1308.000000
1125.000000    1305.000000
1123.000000    1305.000000
1124.000000    1305.000000
1124.000000    1308.000000
1124.000000    1305.000000
1123.000000    1305.000000
1124.000000    1305.000000
1123.000000    1304.000000
1122.000000    1305.000000
1124.000000    1305.000000
1124.000000    1305.000000
1122.000000    1304.000000
1124.000000    1305.000000
1123.000000    1304.000000
1123.000000    1304.000000
1124.000000    1305.000000
1124.000000    1305.000000
1123.000000    1304.000000
1124.000000    1305.000000
1124.000000    1304.000000
1123.000000    1304.000000
1124.000000    1305.000000
1125.000000    1304.000000
1124.000000    1305.000000
1125.000000    1305.000000
1124.000000    1304.000000
1123.000000    1303.000000
1125.000000    1303.000000
1123.000000    1304.000000
1125.000000    1304.000000
1124.000000    1304.000000
1124.000000    1304.000000
1123.000000    1304.000000
1124.000000    1304.000000
1123.000000    1303.000000
1123.000000    1303.000000
1126.000000    1304.000000
1125.000000    1304.000000
1123.000000    1303.000000
1126.000000    1303.000000
1124.000000    1303.000000
1124.000000    1303.000000
1125.000000    1303.000000
1126.000000    1303.000000
1124.000000    1303.000000
1124.000000    1303.000000
1125.000000    1303.000000
1124.000000    1303.000000
1125.000000    1303.000000
1125.000000    1303.000000
1123.000000    1303.000000
1125.000000    1303.000000
1125.000000    1303.000000
1122.000000    1303.000000
1127.000000    1421.000000
1128.000000    1421.000000
1127.000000    1421.000000
1128.000000    1421.000000
1128.000000    1421.000000
1128.000000    1421.000000
1128.000000    1422.000000
1128.000000    1423.000000
1129.000000    1422.000000
1129.000000    1423.000000
1129.000000    1423.000000
1128.000000    1423.000000
1129.000000    1423.000000
1129.000000    1422.000000
1129.000000    1423.000000
1130.000000    1422.000000
1129.000000    1423.000000
1129.000000    1423.000000
1130.000000    1423.000000
1130.000000    1423.000000
1128.000000    1423.000000
1129.000000    1423.000000
1129.000000    1423.000000
1129.000000    1423.000000
1132.000000    1423.000000
1130.000000    1423.000000
1131.000000    1423.000000
1131.000000    1423.000000
1132.000000    1423.000000
1131.000000    1423.000000
1130.000000    1423.000000
1129.000000    1423.000000
1130.000000    1423.000000
1131.000000    1423.000000
1130.000000    1423.000000
1131.000000    1423.000000
1130.000000    1423.000000
1131.000000    1422.000000
1132.000000    1423.000000
1131.000000    1422.000000
1131.000000    1423.000000
1131.000000    1423.000000
1131.000000    1423.000000
1130.000000    1423.000000
1130.000000    1422.000000
1136.000000    1529.000000
1136.000000    1530.000000
1129.000000    1529.000000
1136.000000    1530.000000
1135.000000    1530.000000
1136.000000    1529.000000
1136.000000    1530.000000
1136.000000    1530.000000
1135.000000    1530.000000
1136.000000    1530.000000
1136.000000    1530.000000
1136.000000    1530.000000
1136.000000    1530.000000
1136.000000    1530.000000
1136.000000    1531.000000
1136.000000    1530.000000
1136.000000    1530.000000
1136.000000    1530.000000
1136.000000    1531.000000
1137.000000    1530.000000
1136.000000    1531.000000
1136.000000    1530.000000
1136.000000    1530.000000
1136.000000    1531.000000
1137.000000    1531.000000
1136.000000    1531.000000
1136.000000    1531.000000
1137.000000    1530.000000
1136.000000    1530.000000
1136.000000    1530.000000
1138.000000    1530.000000
1138.000000    1531.000000
1136.000000    1530.000000
1137.000000    1530.000000
1139.000000    1531.000000
1137.000000    1530.000000
1137.000000    1530.000000
1137.000000    1530.000000
1137.000000    1530.000000
1136.000000    1530.000000
1138.000000    1530.000000
1131.000000    1530.000000
1139.000000    1530.000000
1138.000000    1530.000000
1137.000000    1530.000000
1140.000000    1530.000000
1137.000000    1531.000000
1137.000000    1529.000000
1138.000000    1530.000000
1138.000000    1530.000000
1137.000000    1530.000000
1139.000000    1530.000000
1138.000000    1530.000000
1138.000000    1529.000000
1138.000000    1529.000000
1138.000000    1530.000000
1139.000000    1529.000000
1137.000000    1529.000000
1137.000000    1529.000000
1138.000000    1529.000000
1136.000000    1529.000000
1137.000000    1530.000000
1138.000000    1528.000000
1137.000000    1529.000000
1137.000000    1529.000000
1138.000000    1529.000000
1138.000000    1529.000000
1137.000000    1529.000000
1136.000000    1529.000000
1137.000000    1529.000000
1139.000000    1528.000000
1137.000000    1528.000000
1138.000000    1529.000000
1138.000000    1528.000000
1138.000000    1528.000000
1138.000000    1528.000000
1138.000000    1528.000000
1140.000000    1528.000000
1139.000000    1528.000000
1138.000000    1528.000000
1133.000000    1528.000000
1139.000000    1528.000000
1137.000000    1528.000000
1139.000000    1527.000000
1137.000000    1528.000000
1140.000000    1528.000000
1138.000000    1527.000000
1140.000000    1528.000000
1137.000000    1527.000000
1138.000000    1528.000000
1138.000000    1528.000000
1137.000000    1527.000000
1137.000000    1528.000000
1139.000000    1527.000000
1137.000000    1527.000000
1138.000000    1527.000000
1138.000000    1527.000000
1138.000000    1526.000000
1137.000000    1527.000000
1137.000000    1635.000000
1140.000000    1635.000000
1142.000000    1637.000000
1141.000000    1637.000000
1140.000000    1637.000000
1142.000000    1637.000000
1141.000000    1637.000000
1140.000000    1637.000000
1141.000000    1637.000000
1142.000000    1637.000000
1141.000000    1637.000000
1142.000000    1637.000000
1141.000000    1637.000000
1144.000000    1637.000000
1142.000000    1637.000000
1141.000000    1637.000000
1142.000000    1637.000000
1144.000000    1637.000000
1141.000000    1637.000000
1143.000000    1637.000000
1144.000000    1637.000000
1144.000000    1637.000000
1142.000000    1637.000000
1143.000000    1637.000000
1144.000000    1637.000000
1142.000000    1637.000000
1144.000000    1637.000000
1144.000000    1637.000000
1144.000000    1637.000000
1144.000000    1637.000000
1142.000000    1637.000000
1144.000000    1637.000000
1144.000000    1637.000000
1144.000000    1637.000000
1145.000000    1637.000000
1142.000000    1637.000000
1144.000000    1637.000000
1145.000000    1637.000000
1144.000000    1637.000000
1143.000000    1637.000000
1146.000000    1637.000000
1144.000000    1637.000000
1144.000000    1637.000000
1146.000000    1637.000000
1145.000000    1637.000000
1146.000000    1755.000000
1148.000000    1755.000000
1148.000000    1756.000000
1149.000000    1755.000000
1148.000000    1756.000000
1149.000000    1756.000000
1149.000000    1755.000000
1148.000000    1755.000000
1148.000000    1756.000000
1150.000000    1755.000000
1149.000000    1755.000000
1149.000000    1756.000000
1149.000000    1755.000000
1147.000000    1756.000000
1149.000000    1755.000000
1149.000000    1756.000000
1148.000000    1755.000000
1150.000000    1756.000000
1148.000000    1756.000000
1150.000000    1756.000000
1149.000000    1756.000000
1150.000000    1755.000000
1148.000000    1756.000000
1149.000000    1756.000000
1149.000000    1755.000000
1149.000000    1756.000000
1148.000000    1755.000000
1149.000000    1756.000000
1149.000000    1755.000000
1149.000000    1755.000000
1149.000000    1755.000000
1148.000000    1756.000000
1152.000000    1756.000000
1150.000000    1756.000000
1149.000000    1755.000000
1152.000000    1756.000000
1151.000000    1755.000000
1150.000000    1755.000000
1152.000000    1756.000000
1152.000000    1756.000000
1150.000000    1756.000000
1149.000000    1756.000000
1150.000000    1756.000000
1149.000000    1756.000000
1152.000000    1755.000000
1149.000000    1755.000000
1150.000000    1755.000000
1150.000000    1754.000000
1151.000000    1755.000000
1151.000000    1755.000000
1153.000000    1755.000000
1151.000000    1755.000000
1152.000000    1755.000000
1150.000000    1755.000000
1151.000000    1754.000000
1149.000000    1755.000000
1151.000000    1754.000000
1152.000000    1754.000000
1150.000000    1755.000000
1153.000000    1755.000000
1150.000000    1754.000000
1149.000000    1754.000000
1152.000000    1755.000000
1150.000000    1754.000000
1150.000000    1754.000000
1152.000000    1754.000000
1150.000000    1754.000000
1152.000000    1754.000000
1153.000000    1754.000000
1152.000000    1754.000000
1150.000000    1754.000000
1149.000000    1753.000000
1151.000000    1754.000000
1150.000000    1754.000000
1152.000000    1754.000000
1152.000000    1754.000000
1150.000000    1753.000000
1154.000000    1753.000000
1152.000000    1753.000000
1152.000000    1753.000000
1152.000000    1754.000000
1150.000000    1752.000000
1152.000000    1754.000000
1151.000000    1753.000000
1152.000000    1752.000000
1152.000000    1753.000000
1152.000000    1752.000000
1152.000000    1753.000000
1152.000000    1754.000000
1153.000000    1752.000000
1152.000000    1753.000000
1149.000000    1752.000000
1152.000000    1752.000000
1150.000000    1752.000000
1152.000000    1752.000000
1152.000000    1752.000000
1152.000000    1752.000000
1153.000000    1752.000000
1150.000000    1752.000000
1152.000000    1860.000000
1155.000000    1860.000000
1154.000000    1860.000000
1153.000000    1860.000000
1153.000000    1860.000000
1153.000000    1860.000000
1154.000000    1860.000000
1154.000000    1860.000000
1154.000000    1861.000000
1154.000000    1861.000000
1157.000000    1860.000000
1153.000000    1861.000000
1154.000000    1861.000000
1156.000000    1860.000000
1155.000000    1863.000000
1156.000000    1860.000000
1155.000000    1860.000000
1156.000000    1860.000000
1156.000000    1861.000000
1156.000000    1861.000000
1155.000000    1861.000000
1157.000000    1861.000000
1156.000000    1860.000000
1155.000000    1863.000000
1157.000000    1860.000000
1157.000000    1861.000000
1156.000000    1861.000000
1157.000000    1863.000000
1157.000000    1861.000000
1156.000000    1860.000000
1155.000000    1860.000000
1157.000000    1860.000000
1156.000000    1861.000000
1155.000000    1861.000000
1159.000000    1861.000000
1156.000000    1861.000000
1156.000000    1861.000000
1156.000000    1860.000000
1157.000000    1860.000000
1156.000000    1860.000000
1157.000000    1861.000000
1155.000000    1859.000000
1156.000000    1860.000000
1156.000000    1860.000000
1156.000000    1860.000000
1160.000000    1967.000000
1160.000000    1967.000000
1160.000000    1968.000000
1160.000000    1967.000000
1161.000000    1967.000000
1160.000000    1967.000000
1160.000000    1967.000000
1160.000000    1967.000000
1161.000000    1967.000000
1160.000000    1967.000000
1160.000000    1967.000000
1161.000000    1967.000000
1160.000000    1967.000000
1164.000000    1968.000000
1161.000000    1968.000000
1161.000000    1967.000000
1163.000000    1967.000000
1161.000000    1967.000000
1160.000000    1968.000000
1160.000000    1967.000000
1162.000000    1968.000000
1160.000000    1968.000000
1161.000000    1967.000000
1161.000000    1967.000000
1162.000000    1968.000000
1163.000000    1968.000000
1161.000000    1968.000000
1163.000000    1968.000000
1161.000000    1968.000000
1162.000000    1967.000000
1163.000000    1968.000000
1162.000000    1967.000000
1160.000000    1967.000000
1162.000000    1967.000000
1163.000000    1968.000000
1160.000000    1967.000000
1162.000000    1968.000000
1164.000000    1968.000000
1161.000000    1967.000000
1163.000000    1967.000000
1161.000000    1968.000000
1165.000000    1969.000000
1161.000000    1967.000000
1161.000000    1967.000000
1162.000000    1967.000000
1162.000000    1967.000000
1162.000000    1967.000000
1164.000000    1967.000000
1164.000000    1968.000000
1163.000000    1967.000000
1164.000000    1967.000000
1164.000000    1967.000000
1162.000000    1967.000000
1163.000000    1967.000000
1163.000000    1967.000000
1163.000000    1967.000000
1161.000000    1967.000000
1163.000000    1967.000000
1164.000000    1967.000000
1161.000000    1967.000000
1162.000000    1967.000000
1163.000000    1967.000000
1163.000000    1967.000000
1162.000000    1967.000000
1164.000000    1967.000000
1164.000000    1967.000000
1163.000000    1967.000000
1164.000000    1967.000000
1162.000000    1967.000000
1164.000000    1967.000000
1162.000000    1967.000000
1163.000000    1964.000000
1163.000000    1967.000000
1162.000000    1964.000000
1164.000000    1964.000000
1163.000000    1964.000000
1162.000000    1964.000000
1163.000000    1964.000000
1163.000000    1964.000000
1163.000000    1964.000000
1162.000000    1967.000000
1164.000000    1964.000000
1161.000000    1964.000000
1164.000000    1964.000000
1163.000000    1964.000000
1162.000000    1963.000000
1162.000000    1963.000000
1164.000000    1963.000000
1163.000000    1963.000000
1161.000000    1962.000000
1164.000000    1963.000000
1163.000000    1963.000000
1162.000000    1963.000000
1162.000000    1962.000000
1163.000000    1962.000000
1162.000000    1962.000000
1163.000000    1963.000000
1163.000000    1962.000000
1161.000000    1962.000000
1166.000000    2084.000000
1164.000000    2082.000000
1164.000000    2084.000000
1168.000000    2084.000000
1165.000000    2084.000000
1164.000000    2084.000000
1168.000000    2084.000000
1166.000000    2084.000000
1165.000000    2084.000000
1166.000000    2084.000000
1165.000000    2084.000000
1166.000000    2084.000000
1168.000000    2085.000000
1166.000000    2084.000000
1168.000000    2085.000000
1166.000000    2084.000000
1166.000000    2084.000000
1168.000000    2085.000000
1168.000000    2084.000000
1168.000000    2085.000000
1168.000000    2084.000000
1169.000000    2085.000000
1168.000000    2084.000000
1168.000000    2084.000000
1168.000000    2084.000000
1168.000000    2084.000000
1168.000000    2084.000000
1168.000000    2084.000000
1165.000000    2085.000000
1168.000000    2084.000000
1168.000000    2084.000000
1168.000000    2084.000000
1168.000000    2084.000000
1168.000000    2085.000000
1168.000000    2084.000000
1168.000000    2084.000000
1168.000000    2084.000000
1169.000000    2084.000000
1168.000000    2084.000000
1168.000000    2084.000000
1168.000000    2084.000000
1168.000000    2084.000000
1168.000000    2084.000000
1168.000000    2084.000000
1168.000000    2084.000000
1172.000000    2201.000000
1171.000000    2201.000000
1171.000000    2201.000000
1171.000000    2201.000000
1173.000000    2201.000000
1175.000000    2201.000000
1172.000000    2201.000000
1171.000000    2202.000000
1172.000000    2201.000000
1173.000000    2201.000000
1172.000000    2202.000000
1172.000000    2201.000000
1173.000000    2202.000000
1172.000000    2202.000000
1171.000000    2202.000000
1174.000000    2202.000000
1171.000000    2202.000000
1174.000000    2202.000000
1171.000000    2202.000000
1172.000000    2202.000000
1174.000000    2202.000000
1174.000000    2202.000000
1170.000000    2202.000000
1174.000000    2201.000000
1172.000000    2202.000000
1172.000000    2202.000000
1174.000000    2202.000000
1173.000000    2202.000000
1173.000000    2202.000000
1176.000000    2202.000000
1174.000000    2202.000000
1174.000000    2202.000000
1174.000000    2202.000000
1174.000000    2202.000000
1173.000000    2201.000000
1175.000000    2202.000000
1174.000000    2202.000000
1174.000000    2202.000000
1176.000000    2201.000000
1174.000000    2202.000000
1173.000000    2202.000000
1172.000000    2201.000000
1176.000000    2201.000000
1174.000000    2201.000000
1174.000000    2201.000000
1173.000000    2202.000000
1173.000000    2201.000000
1174.000000    2201.000000
1174.000000    2201.000000
1174.000000    2201.000000
1174.000000    2201.000000
1176.000000    2201.000000
1176.000000    2201.000000
1176.000000    2201.000000
1175.000000    2201.000000
1176.000000    2201.000000
1173.000000    2201.000000
1176.000000    2201.000000
1176.000000    2201.000000
1174.000000    2201.000000
1174.000000    2201.000000
1176.000000    2201.000000
1173.000000    2201.000000
1173.000000    2201.000000
1176.000000    2201.000000
1174.000000    2198.000000
1176.000000    2201.000000
1175.000000    2198.000000
1176.000000    2198.000000
1174.000000    2201.000000
1176.000000    2198.000000
1174.000000    2198.000000
1174.000000    2197.000000
1175.000000    2197.000000
1175.000000    2197.000000
1174.000000    2198.000000
1176.000000    2198.000000
1174.000000    2197.000000
1173.000000    2198.000000
1176.000000    2197.000000
1175.000000    2197.000000
1173.000000    2197.000000
1174.000000    2196.000000
1174.000000    2197.000000
1173.000000    2196.000000
1174.000000    2197.000000
1174.000000    2196.000000
1176.000000    2196.000000
1173.000000    2196.000000
1174.000000    2196.000000
1174.000000    2196.000000
1176.000000    2196.000000
1176.000000    2196.000000
1176.000000    2196.000000
1176.000000    2196.000000
1176.000000    2196.000000
1173.000000    2196.000000
1176.000000    2196.000000
1176.000000    2196.000000
1176.000000    2307.000000
1177.000000    2307.000000
1176.000000    2307.000000
1177.000000    2308.000000
1177.000000    2309.000000
1176.000000    2309.000000
1178.000000    2308.000000
1177.000000    2309.000000
1177.000000    2309.000000
1177.000000    2309.000000
1180.000000    2308.000000
1174.000000    2309.000000
1176.000000    2309.000000
1179.000000    2309.000000
1178.000000    2309.000000
1179.000000    2309.000000
1179.000000    2309.000000
1178.000000    2309.000000
1179.000000    2309.000000
1179.000000    2309.000000
1177.000000    2309.000000
1178.000000    2309.000000
1180.000000    2310.000000
1179.000000    2310.000000
1178.000000    2309.000000
1179.000000    2309.000000
1179.000000    2309.000000
1179.000000    2309.000000
1178.000000    2309.000000
1180.000000    2309.000000
1178.000000    2309.000000
1179.000000    2310.000000
1180.000000    2309.000000
1178.000000    2309.000000
1180.000000    2309.000000
1180.000000    2309.000000
1179.000000    2309.000000
1180.000000    2309.000000
1182.000000    2309.000000
1178.000000    2309.000000
1181.000000    2309.000000
1180.000000    2309.000000
1179.000000    2309.000000
1179.000000    2309.000000
1180.000000    2309.000000
1181.000000    2309.000000
1179.000000    2309.000000
1182.000000    2309.000000
1180.000000    2309.000000
1184.000000    2309.000000
1178.000000    2309.000000
1179.000000    2309.000000
1180.000000    2309.000000
1181.000000    2309.000000
1179.000000    2309.000000
1181.000000    2309.000000
1180.000000    2309.000000
1179.000000    2307.000000
1180.000000    2309.000000
1179.000000    2307.000000
1181.000000    2307.000000
1178.000000    2307.000000
1180.000000    2307.000000
1180.000000    2307.000000
1179.000000    2307.000000
1181.000000    2307.000000
1180.000000    2307.000000
1180.000000    2307.000000
1181.000000    2307.000000
1178.000000    2306.000000
1181.000000    2306.000000
1181.000000    2307.000000
1179.000000    2306.000000
1181.000000    2306.000000
1180.000000    2307.000000
1181.000000    2306.000000
1180.000000    2306.000000
1179.000000    2306.000000
1181.000000    2306.000000
1180.000000    2306.000000
1181.000000    2306.000000
1181.000000    2306.000000
1181.000000    2306.000000
1181.000000    2306.000000
1180.000000    2306.000000
1179.000000    2306.000000
1179.000000    2306.000000
1180.000000    2306.000000
1184.000000    2306.000000
1176.000000    2303.000000
1179.000000    2303.000000
1180.000000    2306.000000
1181.000000    2303.000000
1179.000000    2306.000000
1182.000000    2303.000000
1181.000000    2303.000000
1180.000000    2303.000000
1181.000000    2302.000000
1180.000000    2303.000000
1180.000000    2302.000000
1182.000000    2419.000000
1184.000000    2419.000000
1182.000000    2419.000000
1182.000000    2419.000000
1184.000000    2419.000000
1184.000000    2420.000000
1184.000000    2419.000000
1182.000000    2421.000000
1185.000000    2420.000000
1184.000000    2421.000000
1181.000000    2419.000000
1185.000000    2421.000000
1184.000000    2421.000000
1182.000000    2420.000000
1184.000000    2421.000000
1182.000000    2420.000000
1185.000000    2421.000000
1184.000000    2421.000000
1184.000000    2421.000000
1185.000000    2421.000000
1184.000000    2421.000000
1184.000000    2421.000000
1185.000000    2421.000000
1185.000000    2421.000000
1184.000000    2421.000000
1184.000000    2421.000000
1185.000000    2421.000000
1184.000000    2421.000000
1184.000000    2421.000000
1184.000000    2421.000000
1185.000000    2421.000000
1184.000000    2421.000000
1186.000000    2421.000000
1184.000000    2421.000000
1185.000000    2421.000000
1185.000000    2421.000000
1184.000000    2421.000000
1184.000000    2421.000000
1185.000000    2421.000000
1186.000000    2421.000000
1186.000000    2421.000000
1186.000000    2421.000000
1185.000000    2421.000000
1187.000000    2421.000000
1185.000000    2421.000000
1187.000000    2525.000000
1187.000000    2527.000000
1187.000000    2525.000000
1187.000000    2527.000000
1186.000000    2527.000000
1188.000000    2527.000000
1186.000000    2527.000000
1189.000000    2527.000000
1187.000000    2527.000000
1187.000000    2527.000000
1188.000000    2527.000000
1192.000000    2527.000000
1188.000000    2527.000000
1186.000000    2527.000000
1189.000000    2527.000000
1188.000000    2527.000000
1189.000000    2527.000000
1188.000000    2527.000000
1189.000000    2527.000000
1188.000000    2527.000000
1189.000000    2527.000000
1189.000000    2527.000000
1188.000000    2527.000000
1189.000000    2527.000000
1189.000000    2527.000000
1190.000000    2527.000000
1192.000000    2527.000000
1188.000000    2527.000000
1189.000000    2527.000000
1189.000000    2527.000000
1188.000000    2527.000000
1189.000000    2527.000000
1189.000000    2527.000000
1190.000000    2527.000000
1190.000000    2527.000000
1192.000000    2527.000000
1188.000000    2527.000000
1192.000000    2527.000000
1189.000000    2527.000000
1190.000000    2527.000000
1190.000000    2527.000000
1190.000000    2527.000000
1190.000000    2527.000000
1190.000000    2527.000000
1188.000000    2527.000000
1192.000000    2527.000000
1189.000000    2526.000000
1190.000000    2527.000000
1192.000000    2527.000000
1190.000000    2527.000000
1192.000000    2526.000000
1190.000000    2525.000000
1189.000000    2526.000000
1188.000000    2527.000000
1192.000000    2527.000000
1190.000000    2527.000000
1192.000000    2525.000000
1190.000000    2526.000000
1189.000000    2525.000000
1190.000000    2525.000000
1189.000000    2525.000000
1190.000000    2525.000000
1189.000000    2525.000000
1192.000000    2525.000000
1192.000000    2525.000000
1192.000000    2524.000000
1192.000000    2524.000000
1190.000000    2525.000000
1190.000000    2524.000000
1190.000000    2524.000000
1192.000000    2524.000000
1190.000000    2524.000000
1190.000000    2524.000000
1192.000000    2524.000000
1190.000000    2524.000000
1189.000000    2524.000000
1192.000000    2524.000000
1189.000000    2524.000000
1189.000000    2524.000000
1192.000000    2524.000000
1190.000000    2524.000000
1190.000000    2524.000000
1193.000000    2524.000000
1190.000000    2521.000000
1189.000000    2521.000000
1192.000000    2521.000000
1189.000000    2520.000000
1190.000000    2520.000000
1190.000000    2521.000000
1193.000000    2520.000000
1192.000000    2520.000000
1192.000000    2520.000000
1192.000000    2520.000000
1189.000000    2520.000000
1192.000000    2520.000000
1190.000000    2519.000000
1190.000000    2519.000000
1190.000000    2519.000000
1190.000000    2519.000000
1192.000000    2644.000000
1192.000000    2645.000000
1192.000000    2645.000000
1194.000000    2645.000000
1192.000000    2647.000000
1193.000000    2645.000000
1193.000000    2645.000000
1194.000000    2645.000000
1190.000000    2647.000000
1194.000000    2647.000000
1193.000000    2647.000000
1193.000000    2647.000000
1193.000000    2647.000000
1196.000000    2647.000000
1193.000000    2647.000000
1193.000000    2647.000000
1194.000000    2647.000000
1197.000000    2647.000000
1193.000000    2647.000000
1195.000000    2647.000000
1193.000000    2647.000000
1194.000000    2647.000000
1195.000000    2647.000000
1194.000000    2647.000000
1195.000000    2647.000000
1193.000000    2647.000000
1195.000000    2647.000000
1195.000000    2647.000000
1194.000000    2647.000000
1194.000000    2647.000000
1195.000000    2647.000000
1194.000000    2647.000000
1195.000000    2647.000000
1194.000000    2647.000000
1195.000000    2647.000000
1196.000000    2647.000000
1193.000000    2647.000000
1196.000000    2647.000000
1196.000000    2647.000000
1195.000000    2647.000000
1197.000000    2647.000000
1196.000000    2647.000000
1194.000000    2647.000000
1195.000000    2647.000000
1195.000000    2647.000000
1194.000000    2647.000000
1196.000000    2647.000000
1195.000000    2647.000000
1195.000000    2647.000000
1194.000000    2647.000000
1195.000000    2645.000000
1194.000000    2645.000000
1196.000000    2645.000000
1196.000000    2645.000000
1195.000000    2645.000000
1195.000000    2645.000000
1197.000000    2645.000000
1195.000000    2645.000000
1195.000000    2645.000000
1196.000000    2645.000000
1196.000000    2645.000000
1195.000000    2645.000000
1195.000000    2645.000000
1195.000000    2645.000000
1196.000000    2645.000000
1196.000000    2644.000000
1195.000000    2644.000000
1195.000000    2645.000000
1196.000000    2644.000000
1195.000000    2644.000000
1197.000000    2644.000000
1193.000000    2644.000000
1196.000000    2644.000000
1195.000000    2644.000000
1196.000000    2644.000000
1195.000000    2644.000000
1197.000000    2641.000000
1195.000000    2641.000000
1196.000000    2641.000000
1195.000000    2644.000000
1198.000000    2641.000000
1195.000000    2641.000000
1195.000000    2641.000000
1197.000000    2641.000000
1196.000000    2641.000000
1195.000000    2640.000000
1195.000000    2640.000000
1196.000000    2640.000000
1195.000000    2640.000000
1196.000000    2639.000000
1195.000000    2639.000000
1196.000000    2639.000000
1195.000000    2640.000000
1195.000000    2639.000000
1197.000000    2639.000000
1195.000000    2639.000000
1196.000000    2639.000000
1196.000000    2639.000000
1194.000000    2639.000000
1195.000000    2639.000000
1200.000000    2760.000000
1198.000000    2760.000000
1196.000000    2760.000000
1198.000000    2760.000000
1197.000000    2761.000000
1195.000000    2761.000000
1197.000000    2761.000000
1198.000000    2761.000000
1196.000000    2761.000000
1200.000000    2762.000000
1198.000000    2761.000000
1197.000000    2760.000000
1200.000000    2762.000000
1198.000000    2761.000000
1198.000000    2761.000000
1200.000000    2762.000000
1198.000000    2762.000000
1198.000000    2761.000000
1200.000000    2762.000000
1197.000000    2761.000000
1200.000000    2762.000000
1198.000000    2763.000000
1198.000000    2761.000000
1200.000000    2762.000000
1198.000000    2762.000000
1200.000000    2762.000000
1200.000000    2763.000000
1201.000000    2762.000000
1198.000000    2761.000000
1200.000000    2762.000000
1200.000000    2762.000000
1198.000000    2762.000000
1200.000000    2762.000000
1200.000000    2763.000000
1198.000000    2761.000000
1200.000000    2762.000000
1200.000000    2763.000000
1200.000000    2761.000000
1200.000000    2763.000000
1201.000000    2762.000000
1200.000000    2762.000000
1197.000000    2761.000000
1202.000000    2761.000000
1200.000000    2761.000000
1200.000000    2761.000000
1201.000000    2761.000000
1200.000000    2762.000000
1201.000000    2761.000000
1200.000000    2761.000000
1200.000000    2761.000000
1201.000000    2761.000000
1201.000000    2761.000000
1200.000000    2761.000000
1201.000000    2760.000000
1200.000000    2761.000000
1201.000000    2760.000000
1200.000000    2761.000000
1201.000000    2760.000000
1200.000000    2760.000000
1201.000000    2760.000000
1204.000000    2760.000000
1200.000000    2760.000000
1201.000000    2760.000000
1200.000000    2760.000000
1200.000000    2760.000000
1201.000000    2760.000000
1200.000000    2760.000000
1200.000000    2760.000000
1202.000000    2760.000000
1201.000000    2760.000000
1200.000000    2760.000000
1202.000000    2760.000000
1200.000000    2760.000000
1200.000000    2760.000000
1201.000000    2760.000000
1200.000000    2757.000000
1200.000000    2757.000000
1201.000000    2760.000000
1201.000000    2757.000000
1200.000000    2756.000000
1202.000000    2756.000000
1200.000000    2756.000000
1200.000000    2756.000000
1201.000000    2756.000000
1201.000000    2756.000000
1200.000000    2756.000000
1201.000000    2755.000000
1200.000000    2756.000000
1200.000000    2755.000000
1202.000000    2755.000000
1201.000000    2755.000000
1200.000000    2755.000000
1201.000000    2755.000000
1201.000000    2755.000000
1200.000000    2755.000000
1200.000000    2755.000000
1200.000000    2755.000000
1200.000000    2755.000000
1202.000000    2755.000000
1202.000000    2755.000000
1201.000000    2867.000000
1203.000000    2867.000000
1201.000000    2867.000000
1202.000000    2868.000000
1203.000000    2867.000000
1201.000000    2868.000000
1202.000000    2868.000000
1203.000000    2868.000000
1202.000000    2867.000000
1202.000000    2868.000000
1203.000000    2868.000000
1203.000000    2868.000000
1202.000000    2868.000000
1204.000000    2868.000000
1203.000000    2869.000000
1202.000000    2868.000000
1204.000000    2868.000000
1203.000000    2868.000000
1204.000000    2869.000000
1203.000000    2868.000000
1203.000000    2868.000000
1204.000000    2869.000000
1205.000000    2868.000000
1204.000000    2869.000000
1204.000000    2868.000000
1205.000000    2869.000000
1203.000000    2868.000000
1204.000000    2868.000000
1203.000000    2868.000000
1204.000000    2868.000000
1204.000000    2868.000000
1203.000000    2868.000000
1204.000000    2868.000000
1204.000000    2868.000000
1204.000000    2868.000000
1203.000000    2868.000000
1208.000000    2869.000000
1203.000000    2868.000000
1204.000000    2868.000000
1204.000000    2868.000000
1204.000000    2868.000000
1204.000000    2868.000000
1204.000000    2868.000000
1204.000000    2867.000000
1204.000000    2867.000000
1204.000000    2868.000000
1205.000000    2867.000000
1205.000000    2867.000000
1204.000000    2867.000000
1205.000000    2867.000000
1205.000000    2868.000000
1205.000000    2867.000000
1204.000000    2867.000000
1204.000000    2867.000000
1205.000000    2867.000000
1206.000000    2867.000000
1203.000000    2867.000000
1205.000000    2867.000000
1204.000000    2867.000000
1205.000000    2867.000000
1204.000000    2867.000000
1208.000000    2867.000000
1205.000000    2867.000000
1205.000000    2867.000000
1205.000000    2867.000000
1205.000000    2865.000000
1205.000000    2866.000000
1205.000000    2865.000000
1205.000000    2865.000000
1205.000000    2866.000000
1204.000000    2865.000000
1206.000000    2865.000000
1206.000000    2865.000000
1206.000000    2864.000000
1206.000000    2864.000000
1205.000000    2865.000000
1206.000000    2865.000000
1204.000000    2865.000000
1205.000000    2864.000000
1206.000000    2864.000000
1205.000000    2864.000000
1204.000000    2864.000000
1206.000000    2864.000000
1205.000000    2864.000000
1204.000000    2864.000000
1204.000000    2864.000000
1206.000000    2864.000000
1204.000000    2864.000000
1205.000000    2864.000000
1206.000000    2864.000000
1206.000000    2864.000000
1206.000000    2864.000000
1202.000000    2861.000000
1205.000000    2861.000000
1206.000000    2860.000000
1204.000000    2861.000000
1203.000000    2860.000000
1206.000000    2861.000000
1204.000000    2860.000000
1205.000000    2860.000000
1206.000000    2985.000000
1206.000000    2985.000000
1208.000000    2986.000000
1208.000000    2986.000000
1205.000000    2987.000000
1208.000000    2986.000000
1206.000000    2987.000000
1206.000000    2987.000000
1208.000000    2987.000000
1206.000000    2987.000000
1209.000000    2987.000000
1208.000000    2987.000000
1206.000000    2987.000000
1209.000000    2987.000000
1208.000000    2987.000000
1208.000000    2987.000000
1208.000000    2987.000000
1209.000000    2987.000000
1208.000000    2987.000000
1209.000000    2987.000000
1208.000000    2987.000000
1209.000000    2987.000000
1208.000000    2987.000000
1208.000000    2987.000000
1210.000000    2987.000000
1209.000000    2987.000000
1209.000000    2987.000000
1208.000000    2987.000000
1209.000000    2987.000000
1209.000000    2987.000000
1211.000000    2987.000000
1209.000000    2987.000000
1209.000000    2987.000000
1210.000000    2987.000000
1210.000000    2987.000000
1210.000000    2987.000000
1210.000000    2987.000000
1210.000000    2987.000000
1209.000000    2987.000000
1210.000000    2987.000000
1209.000000    2987.000000
1210.000000    2987.000000
1208.000000    2987.000000
1209.000000    2987.000000
1210.000000    2987.000000
1209.000000    2987.000000
1210.000000    2987.000000
1210.000000    2987.000000
1208.000000    2987.000000
1210.000000    2986.000000
1210.000000    2987.000000
1209.000000    2986.000000
1211.000000    2986.000000
1210.000000    2987.000000
1210.000000    2986.000000
1210.000000    2985.000000
1210.000000    2985.000000
1210.000000    2985.000000
1211.000000    2985.000000
1210.000000    2985.000000
1210.000000    2985.000000
1211.000000    2985.000000
1209.000000    2985.000000
1211.000000    2985.000000
1210.000000    2984.000000
1211.000000    2984.000000
1209.000000    2984.000000
1211.000000    2984.000000
1210.000000    2984.000000
1209.000000    2984.000000
1211.000000    2984.000000
1211.000000    2984.000000
1210.000000    2984.000000
1211.000000    2984.000000
1211.000000    2984.000000
1211.000000    2984.000000
1210.000000    2984.000000
1210.000000    2984.000000
1211.000000    2984.000000
1209.000000    2981.000000
1213.000000    2984.000000
1208.000000    2984.000000
1210.000000    2981.000000
1210.000000    2981.000000
1210.000000    2981.000000
1210.000000    2980.000000
1210.000000    2981.000000
1210.000000    2979.000000
1209.000000    2981.000000
1209.000000    2980.000000
1209.000000    2979.000000
1211.000000    2980.000000
1212.000000    2980.000000
1209.000000    2979.000000
1210.000000    2980.000000
1211.000000    2979.000000
1210.000000    2979.000000
1209.000000    2979.000000
1211.000000    2979.000000
1212.000000    2979.000000
